50 1103
15 8 335
24 8 594
29 35 253
44 34 411
18 26 565
0 34 707
42 25 559
44 25 392
44 37 564
18 16 525
22 10 913
23 8 246
42 31 716
28 18 75
16 3 906
24 22 940
27 8 73
23 46 548
20 22 459
36 23 156
31 17 245
49 31 10
5 25 978
6 28 248
46 14 304
46 27 151
25 3 691
42 44 60
29 32 686
34 8 353
14 39 837
4 9 678
12 35 875
6 39 399
47 34 219
32 5 962
12 3 591
42 45 442
41 32 566
32 17 384
12 34 736
27 26 128
30 25 833
1 15 329
20 41 646
41 18 126
37 9 742
14 22 305
31 3 719
21 39 353
29 28 445
48 10 896
13 27 816
44 0 607
7 3 767
35 4 839
5 21 235
20 34 886
49 1 759
14 20 893
11 3 85
11 26 282
42 32 505
20 13 527
9 28 333
4 22 383
44 11 365
22 23 689
11 21 547
34 19 458
10 45 646
47 5 983
12 43 867
25 43 708
15 17 148
5 46 364
13 48 217
24 20 708
28 2 173
26 35 60
29 39 46
30 39 384
28 8 798
49 19 694
6 2 493
2 13 67
38 32 218
12 26 999
15 22 451
19 32 666
4 31 153
32 0 621
35 18 694
39 28 812
27 33 275
7 23 40
0 9 222
22 26 38
33 13 715
46 37 664
1 19 313
41 16 990
30 43 802
3 41 887
30 33 780
8 26 779
45 24 64
1 41 61
42 24 752
5 45 859
27 4 977
18 7 33
0 47 187
29 23 219
4 25 160
15 45 253
16 9 910
31 28 449
23 19 611
15 6 396
47 28 517
11 33 910
10 13 697
3 6 137
44 30 646
20 28 739
26 24 369
9 48 679
1 48 326
40 47 922
27 40 965
36 0 844
8 5 199
28 27 571
6 34 928
14 43 499
37 1 769
31 35 328
20 26 573
13 1 48
15 30 243
47 45 357
10 39 209
16 24 186
46 11 238
42 37 920
35 11 452
0 37 890
46 32 569
19 26 617
46 25 587
49 2 445
13 19 734
39 18 635
17 10 123
12 2 734
30 16 94
15 20 27
28 43 887
23 32 565
14 29 527
43 44 517
26 47 846
18 46 65
19 4 357
48 35 452
46 15 305
12 49 390
23 28 473
24 34 890
21 10 326
14 13 470
10 36 512
1 28 113
43 49 877
17 49 747
24 15 309
41 24 489
39 4 101
26 48 160
38 4 985
11 25 176
37 20 744
16 10 909
7 8 366
18 6 192
4 15 444
33 17 622
22 16 731
10 33 991
37 18 530
11 36 29
46 31 298
29 17 553
6 14 612
44 45 984
24 4 97
38 33 319
38 10 742
35 33 74
30 8 503
28 25 49
36 35 523
35 38 727
27 0 328
44 24 965
7 10 834
44 47 660
41 43 765
40 31 6
43 24 141
4 8 389
1 44 663
24 47 456
10 23 600
3 20 71
8 16 299
29 49 708
45 38 789
28 45 320
1 0 497
2 41 314
15 28 391
14 12 805
29 21 865
27 49 355
6 10 10
39 45 301
32 11 274
14 27 797
10 12 273
16 7 510
8 11 624
38 14 180
35 8 225
12 31 270
7 27 151
2 34 629
30 23 394
22 39 134
25 20 942
17 40 899
24 19 591
44 14 79
23 34 238
11 2 700
13 35 158
31 19 134
44 16 396
25 23 241
45 26 866
33 21 721
8 45 438
45 34 102
4 21 593
41 48 96
13 8 113
38 18 394
48 28 366
45 7 214
14 36 344
38 27 788
25 2 594
24 28 345
2 0 145
6 48 971
43 5 111
40 35 259
34 21 722
7 11 756
26 14 536
28 3 152
39 7 873
49 24 327
11 49 773
13 15 126
11 14 758
40 41 136
30 18 443
27 31 385
22 36 626
0 4 375
3 45 522
21 19 49
0 35 412
20 38 217
16 43 318
11 0 623
42 5 531
31 7 207
3 9 483
32 21 454
34 29 202
18 47 998
32 43 924
23 13 842
10 15 207
49 4 497
18 20 94
24 40 1
43 6 493
3 4 856
28 41 709
44 4 727
14 4 136
27 1 822
18 10 641
32 22 980
9 30 409
20 2 63
42 13 13
14 21 863
7 37 888
35 9 863
48 24 643
30 7 878
23 18 157
25 35 645
35 21 164
47 21 402
18 5 464
41 27 888
40 18 226
40 11 425
33 19 141
34 30 235
33 43 635
19 3 941
18 1 612
41 19 976
9 32 996
31 0 169
31 34 88
21 13 332
33 41 706
47 17 97
28 11 7
18 36 79
26 29 580
35 34 692
24 17 913
34 4 712
11 42 958
3 22 220
39 27 217
9 45 160
46 22 862
16 4 251
30 27 836
49 30 931
29 1 413
20 48 797
7 24 36
14 17 579
20 43 380
14 10 836
13 26 288
37 43 237
18 33 202
10 35 822
20 35 720
46 30 330
16 2 869
9 19 447
4 20 508
38 48 389
35 5 461
6 5 242
9 21 453
20 0 954
43 18 2
18 12 80
43 19 200
0 3 196
36 26 953
47 43 745
14 30 72
32 27 760
18 25 718
9 14 844
37 30 686
16 39 847
7 36 818
25 12 804
2 7 758
11 23 832
41 30 398
37 26 60
18 13 471
22 2 862
0 18 985
6 45 165
23 5 386
5 30 96
32 6 664
46 19 494
16 31 514
14 15 357
17 28 755
36 31 804
6 12 565
47 39 871
38 49 386
31 14 203
42 20 70
34 25 210
3 35 214
36 19 148
40 29 409
49 33 906
47 22 421
3 29 388
2 26 31
46 44 798
36 39 956
10 34 280
17 35 533
8 49 391
6 26 933
16 34 37
42 47 433
39 42 381
40 4 721
9 10 996
31 24 16
6 16 607
6 22 529
40 28 791
12 15 167
45 49 612
23 45 230
0 33 16
6 40 362
12 22 645
15 36 774
40 15 402
40 20 952
32 48 150
15 35 230
41 14 588
8 38 225
5 7 769
36 3 76
10 8 735
27 37 647
40 5 336
28 5 933
27 19 576
22 27 493
31 45 751
24 36 669
32 33 481
34 28 491
16 27 561
6 13 35
45 27 858
7 4 666
22 48 980
0 15 681
25 37 761
24 11 94
38 29 287
8 40 630
47 35 623
37 19 974
42 6 451
11 47 34
27 15 302
48 43 998
1 11 28
49 5 798
12 8 913
19 39 978
24 30 261
21 27 916
39 32 313
25 26 21
37 11 528
39 2 73
15 34 769
25 47 707
43 15 659
38 21 920
29 44 366
13 43 28
35 22 960
48 2 605
34 39 298
38 40 368
46 33 486
21 43 712
40 7 451
34 13 167
20 31 204
44 19 535
38 19 123
47 15 896
37 8 83
31 8 988
10 37 446
31 9 97
42 17 716
32 7 542
10 11 55
12 27 74
43 40 219
33 48 736
25 19 824
29 33 748
34 22 958
48 14 783
1 34 439
40 10 634
0 16 620
14 19 743
6 23 294
23 0 511
28 16 689
45 17 761
3 5 218
40 3 25
45 16 752
4 41 629
48 29 281
5 31 192
30 29 772
16 19 231
42 19 636
17 23 307
38 34 156
49 44 918
20 45 923
29 5 681
28 26 571
32 20 515
1 39 104
3 15 716
6 25 670
32 12 221
9 13 965
2 21 311
0 29 481
20 33 97
28 4 44
1 6 887
2 19 102
18 29 491
47 46 989
9 36 755
39 43 305
8 44 976
40 2 821
28 44 560
49 21 429
29 45 936
14 5 544
16 14 972
11 9 665
32 28 473
18 27 71
28 37 106
43 22 859
20 11 104
17 4 962
7 46 820
12 33 556
26 21 313
16 48 346
49 16 464
12 16 888
1 47 226
9 25 787
41 47 414
46 38 643
21 7 526
23 26 537
12 11 796
23 38 928
17 9 71
37 14 482
14 23 155
1 36 837
10 41 485
47 23 863
3 21 321
48 34 346
9 34 817
34 3 832
26 0 151
36 42 127
33 5 998
28 0 215
40 16 759
15 23 492
35 28 799
49 41 538
38 5 393
18 14 428
8 18 985
16 25 418
17 16 34
38 0 347
49 37 730
37 13 129
30 0 524
2 36 538
41 36 787
43 1 33
29 11 499
38 22 585
2 47 249
46 6 990
19 29 142
47 16 89
12 17 253
41 11 927
43 0 437
38 44 367
3 37 406
15 25 57
6 38 991
2 9 810
22 33 831
42 22 118
13 49 161
6 47 288
12 37 583
21 6 854
2 3 551
43 3 398
8 21 938
26 46 741
29 16 836
2 33 897
23 42 962
5 26 933
47 3 37
31 22 948
42 21 330
48 46 742
35 6 382
48 30 714
10 24 100
8 25 401
15 29 3
41 0 217
25 1 162
5 27 981
23 35 125
33 39 470
22 8 348
37 4 330
49 23 802
13 44 807
40 46 830
24 18 954
9 12 351
48 0 387
31 41 948
24 38 605
3 24 79
37 41 358
35 37 393
17 19 945
49 25 479
19 11 119
44 22 258
6 17 927
46 16 164
15 7 960
0 5 950
38 31 61
34 7 301
33 1 12
39 20 966
44 23 47
1 10 101
37 2 399
16 23 269
0 14 116
0 17 727
34 11 628
45 14 475
9 41 660
14 28 143
48 21 274
5 2 261
17 38 15
41 45 799
17 44 552
48 15 393
9 43 981
36 29 248
30 28 974
2 46 343
49 9 582
37 33 76
24 46 653
11 22 994
41 42 769
40 26 88
45 35 480
42 48 593
40 22 208
40 14 243
13 36 190
39 15 350
20 6 298
13 47 88
11 45 428
46 42 828
35 46 746
49 7 828
26 1 734
27 36 127
9 27 944
3 30 968
8 3 133
24 2 200
43 17 143
4 6 315
21 31 770
35 27 794
39 3 588
42 26 189
20 21 654
26 30 673
34 5 43
17 39 561
10 31 585
45 30 19
21 45 621
38 2 643
14 25 751
12 38 169
44 41 736
33 9 232
29 42 419
49 47 858
28 7 500
31 43 474
39 49 45
42 3 49
6 37 372
42 49 971
29 27 782
12 45 270
19 5 770
28 19 617
42 40 952
32 40 332
5 11 309
42 34 728
47 14 164
42 33 748
2 31 316
46 49 499
16 36 418
41 17 500
19 15 100
27 2 235
24 39 159
3 32 641
32 10 459
38 30 239
38 25 712
27 25 112
47 31 700
20 1 559
18 22 474
12 46 168
38 3 952
15 38 115
43 27 516
8 14 563
12 19 837
30 13 486
31 32 698
45 1 415
21 16 372
5 36 507
37 29 768
35 42 634
0 42 666
19 7 261
20 27 77
48 47 572
6 49 902
24 21 416
21 17 330
13 32 705
37 22 22
17 20 570
31 1 673
14 2 232
47 10 420
6 0 273
22 21 243
18 9 798
20 9 877
35 43 829
44 5 74
6 11 230
30 36 559
33 6 183
3 10 64
28 38 341
43 8 211
26 7 308
49 20 876
38 41 816
1 22 226
47 20 216
32 37 879
22 0 123
1 7 782
41 23 816
38 39 414
40 0 218
23 24 539
12 4 626
33 45 14
48 37 78
12 42 368
18 21 264
8 2 962
34 27 588
27 44 649
29 46 322
9 26 608
0 21 269
11 15 759
16 15 897
33 47 629
2 15 848
27 48 666
34 36 475
13 41 689
11 4 624
15 33 876
39 41 399
8 17 833
8 41 136
3 33 94
9 15 762
23 43 96
9 47 883
13 3 247
38 1 263
33 4 168
41 21 667
4 46 795
30 20 437
38 36 892
46 8 968
24 14 894
11 17 575
44 20 629
39 44 9
44 10 798
36 37 918
35 1 571
4 32 825
46 28 173
9 8 786
26 33 656
20 36 798
49 3 158
12 47 307
2 42 738
10 42 473
33 24 706
9 42 254
16 1 353
29 25 699
29 47 642
10 4 188
43 42 159
46 13 674
46 3 121
18 32 265
16 20 442
17 30 135
22 28 418
23 21 474
21 15 88
26 38 473
7 47 305
43 4 811
23 48 813
34 49 815
32 8 504
43 11 407
15 32 940
45 13 283
22 30 203
13 5 913
20 29 574
48 39 466
21 25 801
12 0 616
18 45 252
31 30 796
4 5 714
13 38 946
30 2 71
22 25 408
6 7 798
23 27 303
44 35 16
0 19 139
38 42 995
0 24 92
12 13 511
11 16 625
46 41 444
34 43 217
18 4 841
1 23 952
24 9 247
29 31 164
23 9 497
29 9 842
37 21 700
16 38 366
33 44 235
25 40 55
30 6 518
23 20 757
19 30 508
37 15 677
46 0 404
48 44 751
0 45 36
41 15 434
37 17 788
28 42 249
37 39 891
17 25 243
7 0 629
22 41 643
43 7 505
18 31 820
17 5 669
4 36 286
47 38 947
29 12 700
37 24 840
49 18 807
25 45 179
6 31 728
23 37 418
43 29 341
9 5 511
17 48 19
7 20 822
39 9 79
10 30 835
25 41 132
32 1 314
22 17 470
48 11 688
26 31 305
47 32 475
18 2 100
48 18 297
13 22 611
25 31 532
47 36 926
4 26 776
30 47 523
33 40 64
3 17 137
40 13 52
34 32 946
42 27 35
4 13 282
7 38 802
43 38 6
46 20 111
45 46 364
25 39 329
7 9 370
36 28 373
1 2 628
45 2 140
48 25 655
13 11 376
1 17 373
23 40 502
24 25 348
48 19 183
0 13 382
12 48 97
10 49 273
44 2 47
6 27 981
34 37 586
45 4 663
1 14 281
18 44 649
37 31 197
28 10 391
31 48 171
49 0 790
46 1 325
12 20 578
8 20 104
47 8 494
46 34 366
1 9 755
21 28 585
26 17 305
37 47 890
39 23 629
38 9 11
26 10 329
0 10 323
1 5 434
41 26 377
31 11 459
10 29 778
10 2 673
28 12 829
48 45 845
8 33 87
11 30 184
6 44 15
3 23 985
26 32 786
15 31 332
5 10 528
5 22 583
15 44 436
24 6 463
1 3 962
39 26 648
44 9 542
6 29 771
22 7 189
39 5 918
34 41 333
32 30 888
35 14 83
19 8 175
7 35 338
42 16 185
9 40 242
45 37 201
49 40 757
19 40 606
18 15 212
48 36 847
32 35 68
46 36 355
23 31 611
12 7 392
32 44 728
35 41 830
2 17 959
22 19 74
5 20 666
18 42 303
40 44 9
1 21 256
10 27 911
38 37 858
37 40 294
49 35 20
23 4 557
42 15 951
20 10 828
13 28 672
5 37 606
12 21 580
31 39 802
45 40 974
23 12 309
13 25 798
35 16 105
36 17 535
11 39 998
33 16 436
5 15 455
19 45 35
18 19 349
12 40 187
33 36 812
36 40 693
49 32 113
18 11 679
17 13 993
10 25 570
43 45 426
48 40 541
3 27 738
48 5 951
30 42 979
31 44 103
29 22 191
41 6 583
33 23 444
15 49 809

