100 2475
76 1 6
40 5 3
4 85 11
58 47 1
6 22 16
67 96 6
50 1 1
93 25 10
97 7 1
98 86 13
26 13 8
57 52 2
45 15 5
79 50 3
72 36 9
52 38 16
71 57 20
70 97 2
31 78 9
51 15 7
93 61 3
83 9 19
5 93 18
78 87 17
87 39 9
89 71 4
84 46 11
51 61 2
10 28 6
89 65 2
0 26 8
27 76 16
34 52 4
6 53 13
86 38 18
29 20 5
60 46 12
52 80 5
73 68 2
66 4 2
16 28 2
74 26 12
41 31 10
51 68 18
26 69 15
87 3 13
57 49 11
23 80 6
33 28 12
64 75 6
98 96 7
88 43 20
72 75 19
43 13 4
79 36 14
60 7 12
54 76 8
44 55 2
65 36 6
25 90 7
75 6 20
50 92 16
90 36 2
13 7 6
35 79 10
6 29 14
31 10 17
47 66 2
45 55 9
80 22 9
3 78 18
79 37 18
12 60 14
21 65 13
39 97 10
10 25 1
36 39 10
91 82 18
94 71 18
47 74 4
64 71 8
28 87 3
93 84 9
59 27 7
37 9 19
54 71 12
74 73 8
42 50 20
23 87 3
7 76 15
31 81 17
85 72 20
86 79 1
91 72 4
72 96 7
12 91 14
0 23 2
40 93 15
89 64 14
17 3 5
56 88 10
95 25 14
21 72 9
16 24 11
56 75 13
81 84 20
99 63 16
9 78 14
76 47 9
20 81 1
52 17 3
90 9 4
18 52 6
50 18 10
21 92 8
55 58 20
62 53 4
59 51 3
39 10 20
86 30 17
30 1 10
66 71 20
16 99 12
60 90 13
49 17 4
7 34 11
32 28 4
22 73 9
57 88 14
13 84 14
4 82 9
81 4 9
78 66 5
96 20 18
9 61 17
13 21 7
51 13 1
11 97 3
15 36 15
69 9 12
50 58 4
67 42 15
10 33 14
42 79 15
11 6 17
98 11 15
44 41 1
12 63 17
98 77 9
29 51 8
83 29 16
72 15 19
11 73 9
57 13 3
28 0 4
37 11 3
46 16 5
62 70 1
2 58 20
19 43 18
81 87 12
7 18 8
23 55 2
45 66 5
45 6 3
88 76 18
56 34 7
30 92 10
8 86 18
3 57 2
63 61 18
91 55 16
78 94 20
40 99 15
40 61 14
0 72 9
70 4 4
93 28 1
92 27 17
54 78 16
83 39 12
80 89 16
16 2 7
62 38 16
29 50 17
31 27 3
4 55 3
43 41 19
46 31 11
21 80 5
76 56 4
23 97 15
99 97 12
92 73 19
17 61 7
53 56 19
56 15 6
86 31 16
59 19 11
53 50 15
94 1 7
93 90 5
57 51 19
29 42 7
87 5 14
44 20 17
66 88 5
13 64 13
22 31 18
47 32 18
35 1 4
40 77 19
67 91 8
12 88 8
35 76 3
9 87 17
13 16 14
20 91 5
48 45 19
39 92 4
27 14 5
66 76 15
14 38 15
42 18 15
67 28 12
67 92 11
62 68 7
8 16 8
39 8 11
93 99 1
87 98 16
16 5 17
55 76 10
75 32 4
64 43 20
31 96 16
3 41 12
46 72 13
36 2 10
2 88 19
5 1 16
22 61 10
87 21 3
67 61 1
2 63 13
49 13 17
26 62 6
82 44 7
9 0 17
48 31 13
89 70 9
84 50 13
9 56 12
53 17 10
41 71 16
34 69 2
90 80 18
94 7 15
19 0 20
63 60 10
51 63 14
84 69 3
51 48 17
71 75 8
82 66 7
6 21 12
60 10 1
90 88 6
94 67 13
19 37 5
62 37 9
14 0 3
21 3 4
77 65 17
16 32 1
26 52 17
4 19 17
12 75 16
94 90 3
7 11 18
7 51 12
24 51 8
46 87 7
62 45 18
2 89 10
83 87 2
96 99 3
91 80 1
51 25 1
58 41 4
11 35 20
55 38 15
9 3 19
5 65 12
16 30 16
58 18 5
33 49 18
42 8 6
30 80 6
30 59 3
80 1 14
65 78 9
6 67 15
95 61 9
64 40 19
87 62 20
78 34 7
25 21 5
59 86 5
42 4 14
74 59 15
84 86 18
46 94 16
72 65 19
64 15 4
35 30 15
58 3 4
56 83 10
91 11 15
78 45 12
83 7 7
85 65 20
43 7 18
81 8 2
88 53 6
70 2 9
50 91 13
57 26 15
28 24 11
42 38 11
26 34 13
67 37 20
56 57 5
87 14 3
9 11 20
51 50 9
84 56 13
28 68 4
5 6 19
34 16 16
53 15 19
88 32 2
6 26 12
20 92 4
93 50 2
4 7 19
26 24 9
39 19 11
94 80 9
94 74 5
95 53 5
31 72 16
6 66 13
28 44 6
58 93 2
91 15 19
59 89 16
37 51 10
59 81 14
25 38 3
87 91 5
51 41 5
92 43 19
21 99 13
33 81 20
2 4 7
87 68 15
70 52 1
7 15 3
51 11 18
30 22 14
68 43 18
99 55 13
3 46 10
92 5 17
81 70 18
16 88 13
34 2 18
35 50 1
43 51 7
28 15 13
37 89 17
23 67 14
41 10 12
26 73 11
67 76 11
69 50 4
60 37 6
79 27 5
26 14 1
44 91 17
27 48 19
81 46 3
6 71 18
49 35 18
9 7 7
21 42 14
29 52 5
14 41 14
85 30 16
27 63 12
52 30 14
29 30 12
93 17 18
13 0 4
96 50 4
38 59 9
44 10 15
84 45 2
89 88 12
34 8 14
77 93 10
67 73 20
88 78 13
54 74 4
70 76 5
8 88 13
33 64 15
25 86 8
31 83 9
63 98 19
38 40 19
89 67 13
69 71 19
95 52 10
7 81 11
57 77 8
43 28 3
24 69 12
54 89 10
32 57 7
42 92 2
15 67 18
42 43 14
35 54 8
31 9 3
84 58 18
9 84 9
8 70 18
46 7 2
23 54 17
36 43 19
42 14 2
91 28 11
4 64 14
29 0 1
62 25 15
79 20 17
40 49 12
2 82 19
25 30 3
10 42 6
97 29 14
3 15 14
55 78 6
97 96 8
66 24 9
16 50 14
6 78 10
11 56 4
53 5 14
84 40 11
19 26 2
79 33 1
53 34 5
51 4 17
18 38 6
76 65 9
51 30 3
8 56 7
65 46 5
63 62 4
41 83 17
4 28 5
37 99 5
80 43 7
29 76 9
91 3 10
40 21 8
61 66 17
59 68 18
74 21 9
48 8 2
70 85 10
41 56 15
96 3 18
31 8 16
41 63 13
48 62 9
48 46 8
21 90 2
56 4 16
59 21 18
61 99 14
27 4 12
17 11 17
99 67 14
43 11 20
45 7 20
41 52 10
26 25 3
32 5 13
65 62 4
10 58 1
1 84 2
73 39 20
44 98 12
45 33 10
9 80 14
69 47 7
72 41 8
57 98 8
16 14 5
0 60 18
16 33 2
4 93 7
87 77 11
44 37 2
94 85 3
41 78 14
43 21 14
74 35 2
33 37 5
70 37 15
20 53 19
82 29 1
46 83 3
78 0 15
11 85 19
10 0 6
58 15 17
15 41 7
51 35 18
75 9 10
96 12 2
9 36 16
88 96 4
42 45 11
25 17 6
8 13 9
24 79 3
35 65 7
60 89 12
86 3 2
14 83 6
19 66 16
14 92 2
72 4 9
18 26 1
46 75 13
34 84 8
92 71 16
81 94 2
78 28 18
16 41 17
58 51 11
75 11 5
65 11 6
67 4 8
8 41 20
27 88 9
77 35 10
41 38 9
50 31 4
41 92 18
35 57 19
40 9 7
49 67 6
44 32 9
46 76 18
24 46 17
51 53 4
0 4 11
39 7 15
28 26 7
54 72 20
98 60 4
39 58 10
88 81 11
96 62 11
24 40 3
2 22 13
42 88 15
49 16 12
2 18 7
68 48 8
23 77 16
71 52 9
76 8 9
5 57 5
99 68 4
97 37 6
82 0 18
10 81 19
83 76 19
42 3 13
96 53 7
77 67 14
17 78 12
7 95 1
96 58 15
25 12 8
36 32 2
99 62 1
83 65 11
65 99 16
91 40 13
89 13 3
90 64 6
99 7 9
33 76 19
98 58 20
62 64 20
56 52 8
31 58 18
75 28 1
88 24 3
6 81 16
2 84 10
5 82 10
41 94 20
16 78 19
42 57 20
87 45 12
63 84 7
65 92 18
6 93 11
66 33 15
22 90 13
98 93 5
14 75 9
7 90 19
83 54 14
13 53 15
69 70 8
31 62 14
83 43 1
82 54 18
40 35 9
84 41 7
36 26 13
62 12 12
41 65 14
24 34 5
53 61 17
60 26 11
85 79 2
60 66 17
67 74 14
8 98 15
92 38 12
82 69 20
39 14 7
4 68 14
50 62 10
66 65 2
3 35 8
69 22 3
11 78 5
32 87 19
10 79 2
15 43 19
88 99 16
33 42 13
77 63 4
98 81 8
82 30 5
20 49 6
83 40 18
68 16 5
16 36 13
96 35 5
50 24 1
71 35 16
40 17 1
63 9 9
23 41 15
69 28 8
1 47 4
23 60 17
32 82 12
68 47 17
61 7 5
22 76 16
14 84 8
97 85 14
43 38 7
54 92 11
14 32 14
27 93 2
56 40 15
18 68 9
15 0 17
52 28 18
23 49 9
86 7 9
96 6 10
58 86 20
7 42 19
74 85 8
88 71 8
54 24 12
42 82 16
78 53 12
98 69 7
41 47 16
92 52 1
68 2 18
9 45 15
55 93 5
84 61 3
79 89 12
78 46 13
41 33 11
25 44 4
55 94 14
34 44 12
17 13 8
43 17 6
50 25 1
0 84 15
92 98 11
97 20 9
60 44 14
74 3 13
58 76 3
44 90 4
54 52 20
16 44 12
5 61 9
36 27 11
11 44 5
19 1 9
28 38 10
6 58 14
96 77 15
98 97 10
14 51 3
95 75 12
78 62 2
17 87 10
6 13 14
79 11 13
39 47 18
41 62 6
46 20 9
51 70 15
47 31 19
97 44 3
96 23 11
28 57 11
2 25 14
80 78 12
63 26 7
83 5 19
13 90 9
44 49 9
67 95 4
93 72 8
87 26 1
52 6 3
5 13 1
22 66 15
37 5 7
72 19 4
52 32 19
88 51 18
43 22 9
63 47 12
78 91 18
16 97 17
73 53 13
12 95 13
75 49 6
52 64 10
72 94 15
27 9 11
32 61 14
91 0 5
38 13 11
6 88 5
79 62 15
45 52 14
69 94 12
38 3 20
44 51 2
61 43 15
44 88 13
22 5 12
60 15 19
6 27 17
63 55 6
65 98 5
90 83 15
87 10 15
69 32 16
51 45 10
89 56 13
72 22 3
55 33 17
6 40 15
65 55 17
60 94 19
55 75 18
71 43 15
2 54 8
92 95 16
67 55 13
78 8 1
57 50 20
3 90 8
32 66 10
27 5 10
18 69 16
85 36 1
10 90 11
23 16 8
10 99 18
47 45 10
39 56 15
89 42 12
65 96 3
47 40 14
30 56 20
71 97 3
65 42 17
80 72 6
40 60 5
9 30 4
11 45 7
1 20 13
5 36 10
33 3 11
57 92 10
62 88 4
67 71 16
68 81 14
21 93 11
56 16 14
39 62 11
26 66 4
55 90 13
36 61 19
1 57 10
27 97 17
6 61 15
43 97 6
36 29 10
71 14 20
14 8 19
11 1 18
71 72 20
93 59 4
71 53 5
31 2 16
42 36 15
2 49 11
57 29 4
67 87 16
97 25 15
10 20 11
77 58 18
21 71 1
84 76 3
26 5 17
23 88 8
19 84 19
65 20 14
2 81 9
1 48 2
4 59 19
70 27 17
42 96 4
58 7 2
40 25 19
6 86 15
88 75 14
56 32 5
74 52 17
12 1 16
29 90 20
8 82 5
37 43 8
15 73 11
76 61 10
70 60 4
51 89 15
4 30 6
39 21 8
76 93 16
87 96 15
44 3 7
73 45 19
65 87 17
67 53 6
77 82 1
78 26 3
40 69 20
75 37 11
47 70 1
95 24 7
17 66 19
59 18 9
31 73 2
32 55 16
99 44 10
30 74 12
6 97 3
48 89 8
70 5 17
31 84 16
3 25 2
32 81 3
4 60 18
14 48 9
46 10 14
5 59 12
78 68 15
25 82 10
56 17 13
7 33 19
58 28 7
63 38 17
86 60 20
24 92 9
24 32 10
34 96 17
42 23 1
43 1 13
17 79 15
75 7 18
36 0 12
65 57 7
75 92 11
94 15 14
97 74 19
28 76 16
57 60 8
43 56 4
40 11 11
18 80 4
79 25 17
59 70 13
64 42 19
45 97 2
24 20 17
24 8 9
43 32 3
29 11 14
82 96 2
30 31 1
21 91 9
99 17 2
80 48 16
31 39 15
7 47 20
98 31 1
61 81 3
72 74 3
83 79 15
59 17 10
85 19 16
4 94 9
18 4 17
3 0 6
70 63 7
9 46 11
12 48 19
27 12 16
27 35 11
35 66 13
23 76 18
15 66 14
50 9 12
53 39 3
78 37 10
13 71 15
9 99 13
72 7 2
56 42 13
42 61 5
85 99 4
58 95 8
59 46 3
17 20 18
33 13 4
69 41 18
54 12 2
14 25 19
9 24 13
5 51 11
95 2 8
27 49 11
10 94 6
49 65 6
97 84 2
40 75 6
8 74 17
70 15 3
55 57 4
30 99 9
78 2 15
59 52 20
27 29 10
91 76 6
84 8 20
47 54 18
33 72 17
31 26 15
32 11 19
44 89 11
19 47 15
20 12 12
70 79 18
58 8 10
81 58 9
36 8 16
51 79 5
39 77 7
46 42 3
54 25 14
5 14 7
69 6 20
84 27 10
36 22 3
40 44 1
0 31 10
19 50 16
3 73 2
66 89 1
10 26 19
53 91 17
5 49 20
15 48 13
82 78 15
16 85 18
42 9 7
66 57 8
12 38 10
27 0 20
64 1 18
68 97 5
73 33 12
58 22 2
87 56 3
30 42 5
50 38 8
64 81 7
42 17 11
68 67 2
22 75 2
71 63 15
81 76 16
65 97 9
81 80 6
21 68 2
39 5 13
4 46 8
74 87 13
21 84 11
90 85 19
6 57 18
88 98 6
57 91 16
4 65 5
35 80 18
72 35 11
7 38 14
96 63 7
99 52 6
41 25 11
75 36 13
41 70 17
5 95 12
34 57 16
21 63 6
83 74 15
48 16 1
31 33 7
73 19 19
99 42 13
6 49 16
17 7 8
50 83 3
19 20 18
2 50 1
77 97 13
2 72 5
53 81 5
71 2 15
49 19 2
66 30 1
3 93 8
20 50 11
58 54 2
38 49 20
75 30 8
13 61 9
28 88 2
95 17 20
66 51 1
43 14 10
66 69 15
92 76 20
74 50 14
19 93 9
69 33 11
48 26 11
12 83 6
16 93 3
8 54 8
14 22 13
40 28 15
67 86 1
95 28 9
96 15 19
54 85 9
55 85 17
58 40 16
27 58 4
49 32 20
96 18 8
3 67 8
43 47 3
43 30 2
83 68 20
53 44 3
5 42 1
88 1 6
41 45 15
91 89 5
40 19 12
53 49 6
56 62 3
72 5 7
56 72 7
10 17 1
35 70 6
28 25 7
64 22 13
82 99 9
37 68 14
69 4 9
82 80 10
34 25 2
26 30 4
64 95 17
26 22 10
14 37 9
98 46 5
68 12 1
26 1 13
4 9 17
64 66 3
32 74 18
76 89 8
38 48 17
99 95 15
21 33 11
86 95 17
22 54 6
20 74 20
45 89 20
18 93 5
85 39 13
97 34 20
79 47 14
5 97 3
75 10 17
37 0 3
1 93 19
1 8 10
8 38 5
65 6 16
49 10 10
84 29 11
8 15 5
4 54 1
89 43 2
49 72 15
46 70 13
63 3 17
9 23 2
97 58 17
27 73 16
57 62 18
82 35 16
3 12 1
48 23 18
28 37 12
92 36 12
2 93 6
35 97 6
4 78 18
81 74 20
68 29 15
37 56 19
30 71 6
50 80 2
77 66 19
96 68 18
81 41 18
66 11 10
20 58 18
34 29 8
47 87 20
62 36 15
51 76 17
21 26 15
56 35 10
22 53 16
86 36 14
23 38 16
72 44 7
16 87 17
8 50 12
62 21 4
18 76 5
36 53 7
54 21 20
75 68 19
3 62 17
75 48 13
22 11 1
97 81 8
29 59 20
16 47 6
46 57 20
74 55 7
36 63 10
8 18 11
98 83 8
18 10 4
40 94 1
0 20 5
63 73 11
78 7 15
33 18 5
18 35 13
80 56 20
17 90 2
90 18 12
44 26 16
38 53 8
8 21 10
64 98 7
43 50 9
93 82 10
21 48 17
10 66 10
82 41 8
95 27 11
27 13 20
2 98 12
93 91 11
19 61 6
28 86 1
91 18 19
88 7 14
96 91 8
42 25 14
21 36 20
12 78 8
13 46 19
71 27 15
96 52 14
88 72 20
95 88 12
66 84 8
44 87 14
74 76 1
58 4 5
32 92 14
78 15 7
5 74 3
52 79 2
9 98 16
41 29 15
60 39 13
11 64 2
57 12 7
30 62 18
85 87 15
57 85 18
78 83 11
32 31 17
12 5 7
13 44 11
31 91 9
90 30 7
10 86 9
12 24 18
44 5 4
53 72 17
8 80 6
76 53 7
82 53 2
91 61 20
80 5 10
22 17 9
49 74 4
12 11 3
68 63 17
88 61 20
73 40 20
99 46 20
12 15 14
68 31 20
0 76 6
82 64 11
38 65 16
94 63 15
1 27 16
31 54 13
54 26 7
46 11 4
0 45 14
2 38 14
21 64 2
97 36 9
41 34 9
76 75 14
30 76 14
42 59 20
0 89 2
76 3 2
91 47 13
8 43 17
97 46 8
14 79 19
47 34 15
37 32 20
9 8 7
13 69 8
0 32 1
91 13 2
94 35 5
11 0 7
25 68 5
22 34 17
10 5 19
61 15 11
12 21 13
61 35 15
38 58 7
92 4 19
70 6 1
32 7 14
11 15 11
64 6 12
78 49 19
53 31 14
22 19 9
3 55 3
26 59 16
22 82 12
73 58 4
51 81 9
2 69 16
28 21 15
49 30 2
25 35 20
49 90 13
77 49 5
16 43 9
22 65 4
71 19 20
98 42 5
67 2 10
0 55 7
31 20 19
69 8 5
62 95 6
38 30 15
92 6 14
73 69 1
8 71 10
38 72 20
66 72 14
26 51 4
46 52 12
84 22 2
91 68 17
23 4 18
81 96 20
86 21 9
31 19 14
87 31 16
72 69 19
43 75 20
94 54 12
89 53 15
92 96 11
35 24 19
28 3 18
14 4 5
70 21 18
86 51 20
35 9 7
94 13 3
89 28 19
33 92 8
34 54 10
90 61 1
74 33 19
48 5 10
78 97 18
6 82 6
17 77 15
61 50 11
71 25 1
36 24 3
91 51 16
3 59 3
42 2 7
9 38 15
26 15 16
51 19 11
8 89 1
1 2 9
30 2 5
95 10 11
41 9 19
97 82 15
40 7 4
86 69 11
13 83 4
64 76 1
37 72 19
76 57 19
57 64 11
47 12 1
79 60 19
11 58 9
6 36 11
38 74 8
0 5 19
50 89 15
68 23 5
10 61 17
30 5 10
89 81 13
82 75 8
46 50 3
42 6 8
39 38 11
88 63 10
18 29 7
45 21 11
43 66 13
14 7 11
95 9 13
65 17 3
35 98 1
91 69 2
77 54 8
42 83 4
26 45 15
53 28 11
75 96 4
10 38 5
84 24 2
6 20 10
42 87 2
5 64 7
53 32 15
46 39 7
11 27 11
23 65 8
65 13 13
69 99 14
28 27 3
26 43 1
80 31 5
25 99 11
11 33 10
53 92 13
92 11 16
40 65 6
94 89 19
52 75 20
89 20 5
65 91 10
98 62 2
70 49 8
44 43 13
70 9 11
25 92 20
13 93 14
61 45 11
9 81 13
79 55 5
37 41 17
85 96 19
73 37 6
21 52 5
46 82 7
62 84 19
47 35 11
98 53 5
67 21 3
82 94 2
80 79 6
79 49 6
81 35 8
51 67 6
23 5 10
17 46 20
29 19 14
96 57 1
70 80 19
2 97 20
52 81 19
6 98 6
50 95 20
28 1 18
41 27 17
98 38 13
82 79 5
95 34 3
62 73 14
71 16 19
48 34 6
55 41 16
46 79 16
13 48 20
19 76 18
77 21 18
1 7 2
24 10 1
34 67 13
29 24 17
87 51 13
36 7 7
59 54 19
86 75 7
69 59 4
47 44 15
12 28 7
65 0 4
50 67 2
89 57 12
26 33 9
81 49 1
11 96 13
21 1 1
9 14 14
43 52 19
12 17 9
69 20 19
90 37 13
65 30 8
73 91 3
1 70 16
6 79 20
59 66 19
19 2 7
95 85 3
45 38 4
15 80 9
93 65 2
95 90 3
36 69 8
17 30 2
76 49 8
37 29 17
7 30 7
98 17 13
48 98 1
43 31 4
36 58 17
57 9 9
49 41 7
96 46 10
63 59 1
68 38 9
30 79 16
53 30 9
66 37 6
80 73 20
59 0 7
72 45 4
99 29 10
11 55 2
33 43 12
34 63 10
16 84 1
98 27 14
34 60 13
81 54 12
54 18 13
22 18 16
69 35 20
15 16 9
11 18 18
78 39 5
54 45 20
86 80 12
86 12 4
1 45 2
68 19 1
31 11 19
64 86 6
0 2 17
25 15 20
72 42 7
90 86 16
29 17 5
98 79 3
9 48 13
21 47 6
66 0 9
51 56 10
23 64 10
39 3 1
65 32 16
10 91 18
54 0 14
69 27 1
20 59 12
77 73 20
31 61 1
35 55 7
18 0 12
10 13 18
66 93 14
3 84 20
81 73 3
94 26 17
57 67 18
4 53 4
52 85 11
13 22 8
23 57 2
37 77 1
24 19 5
37 38 17
62 83 10
29 22 5
88 15 2
68 39 3
0 64 1
88 34 9
22 25 8
71 48 20
18 64 19
41 0 3
19 63 2
41 89 8
93 71 8
29 75 20
86 16 16
86 88 16
75 69 5
60 22 11
65 12 14
85 69 19
25 59 13
11 87 4
9 62 7
9 55 1
7 98 1
88 92 9
18 21 15
60 62 12
57 33 20
88 18 12
48 54 13
38 87 20
29 26 15
19 45 10
84 80 14
98 33 1
42 0 12
42 74 10
82 38 18
88 46 3
44 19 13
62 59 5
17 69 9
24 75 2
65 45 14
21 57 4
27 83 13
71 23 4
49 96 1
11 13 6
63 87 16
99 59 19
45 50 10
61 48 5
60 8 18
65 58 11
69 42 10
27 43 1
57 40 1
95 89 18
59 71 8
28 36 12
50 55 11
2 29 2
94 65 12
64 25 19
24 73 20
18 87 6
26 3 20
70 26 4
75 18 17
40 41 3
45 40 15
29 16 17
21 15 18
42 16 13
20 76 16
28 50 10
81 26 3
70 13 19
86 96 13
47 36 17
3 43 11
4 37 11
49 21 14
79 31 5
4 76 15
49 47 9
62 97 10
10 88 13
40 22 9
58 25 6
32 59 10
24 21 20
26 77 10
97 95 12
26 88 16
39 27 3
62 13 16
10 65 18
49 3 7
2 74 14
56 65 11
61 78 1
77 60 20
41 50 16
89 33 5
59 2 1
70 88 10
69 45 10
78 22 8
20 35 18
5 69 9
60 99 2
91 49 5
43 74 2
94 88 14
18 60 10
49 12 13
49 94 2
54 68 6
7 79 9
68 32 14
37 45 18
76 45 18
94 84 18
64 79 11
48 88 12
24 59 2
4 99 6
14 58 8
77 25 20
5 60 3
5 99 19
29 55 18
25 88 18
47 84 17
20 47 20
30 60 1
2 8 9
1 56 3
38 0 5
48 99 15
71 60 2
57 11 9
22 9 9
4 71 11
76 24 1
96 10 2
20 99 14
53 33 1
36 18 7
95 81 17
69 80 6
40 46 4
48 86 2
76 31 12
38 54 6
98 75 15
36 60 19
41 88 3
23 51 17
83 21 7
98 95 16
49 63 3
92 37 17
90 63 10
50 94 7
85 49 18
22 99 12
39 75 15
77 62 5
7 2 7
12 99 16
90 79 14
84 4 13
60 25 5
22 12 3
84 38 20
9 60 6
5 38 13
64 10 10
89 3 2
82 71 17
69 67 10
60 27 18
53 14 17
33 1 2
29 54 16
67 19 10
60 55 5
88 37 17
38 66 15
83 95 17
33 30 11
5 84 15
53 40 4
86 77 13
13 59 14
57 80 9
40 14 15
59 64 1
6 87 18
47 13 9
42 40 5
34 70 3
80 34 11
31 94 14
84 52 6
79 5 5
94 77 2
86 18 8
80 83 4
31 59 15
99 13 5
88 52 6
94 0 12
0 61 6
44 79 10
51 99 6
11 24 20
70 87 18
85 0 10
97 13 9
5 96 4
53 3 11
71 5 15
39 88 6
72 95 8
23 46 10
94 25 16
80 6 4
12 42 14
30 40 19
88 30 5
2 57 8
35 93 14
30 32 18
19 33 4
95 31 5
83 64 7
62 22 13
18 27 12
98 70 5
16 90 12
59 80 3
17 71 3
40 27 7
91 59 10
39 71 13
83 63 4
98 39 15
83 37 6
61 2 17
70 67 9
56 77 2
91 27 17
43 55 11
59 47 14
71 96 6
54 1 8
78 27 19
1 37 1
60 2 7
57 0 8
79 45 14
41 76 4
23 75 19
17 68 15
12 46 14
54 56 16
54 36 7
41 59 13
74 31 19
55 69 20
87 1 4
58 71 16
34 18 18
18 79 15
6 18 17
96 83 6
72 39 9
28 97 15
59 9 18
49 50 6
45 88 15
41 97 15
26 95 3
39 61 17
11 38 6
9 66 5
20 77 5
17 55 12
45 63 18
20 36 8
14 52 2
14 49 1
90 81 3
55 39 18
89 7 6
86 68 18
56 47 11
38 75 7
48 69 18
50 82 14
35 17 13
85 73 12
34 98 1
14 66 2
91 60 11
18 20 18
42 53 19
10 37 19
76 2 15
23 29 3
86 78 18
15 32 20
63 18 3
28 77 20
63 76 5
22 47 6
79 88 17
61 71 18
0 56 17
53 16 16
80 71 4
15 2 1
40 87 12
95 87 3
95 60 17
63 81 6
87 94 16
20 39 17
62 61 11
25 9 18
13 45 7
59 98 20
72 26 16
14 56 3
91 24 5
67 97 8
13 81 4
76 72 10
4 11 7
64 17 3
48 57 18
86 82 9
6 76 16
65 71 14
12 71 13
23 44 7
50 37 2
3 70 18
17 92 12
99 32 12
30 18 11
24 4 7
91 77 20
14 54 11
14 3 1
92 45 17
2 77 7
61 34 1
1 66 16
60 50 6
94 59 10
55 96 10
92 62 16
50 12 18
42 22 3
73 46 5
28 80 3
27 52 1
6 74 11
14 20 1
33 97 7
63 65 17
1 89 12
82 49 15
39 50 20
71 78 5
87 19 19
43 59 7
72 90 3
18 84 14
39 80 11
22 51 10
26 90 6
33 77 12
33 52 12
21 38 1
11 83 14
73 16 9
74 84 3
37 15 4
23 69 19
89 93 2
28 9 4
23 53 13
99 72 19
28 23 12
31 21 14
97 55 11
23 63 18
63 4 20
95 80 5
70 22 9
85 38 18
45 96 3
54 33 5
72 40 14
66 56 3
32 71 3
44 9 11
37 71 8
91 75 15
61 14 18
54 15 6
24 3 20
34 32 4
2 65 7
93 38 16
19 11 5
24 2 5
37 2 9
83 91 14
77 74 15
59 10 11
46 86 15
24 37 14
68 53 14
32 60 1
55 5 8
99 23 9
91 43 15
42 58 8
86 70 3
28 56 13
12 16 13
55 25 8
82 31 11
70 54 11
43 67 16
13 15 7
24 52 9
12 37 9
26 61 17
82 87 12
24 41 10
82 33 20
54 99 17
77 13 8
24 77 16
62 33 12
51 12 1
4 39 20
45 99 15
50 22 16
93 43 18
17 36 15
83 52 15
15 5 16
93 45 19
84 59 1
23 13 9
51 0 7
76 86 15
10 6 10
80 74 4
39 51 6
21 22 11
33 8 9
32 50 17
82 61 10
40 39 17
45 77 10
65 31 4
77 99 9
82 90 7
12 0 8
58 99 6
26 65 1
55 71 14
78 77 8
21 53 11
10 7 9
81 60 13
74 69 12
24 31 16
16 63 12
26 71 6
31 42 12
47 50 3
45 46 4
64 16 15
3 31 5
9 18 19
77 9 7
82 81 1
78 44 12
16 51 18
10 51 13
9 29 7
61 44 16
27 30 11
37 86 16
89 90 14
78 90 17
52 5 20
46 6 12
73 97 18
8 96 7
16 98 20
88 17 10
70 12 11
4 89 7
37 17 7
84 35 10
83 70 9
53 47 3
84 42 15
96 14 9
4 6 6
95 48 7
66 86 18
58 23 17
6 59 1
61 41 7
47 61 19
51 77 5
98 91 12
35 37 2
28 98 8
59 58 19
10 55 2
49 66 6
25 31 10
46 64 11
35 68 3
93 36 11
74 27 1
3 52 17
53 65 8
29 81 18
67 33 2
40 3 6
74 51 1
82 43 19
58 46 14
25 16 13
73 84 6
2 3 6
23 92 3
27 55 18
95 96 12
72 97 8
94 42 11
77 11 4
46 61 8
46 53 12
36 64 11
38 22 7
59 79 3
18 82 4
26 93 14
95 70 10
48 97 16
68 82 5
75 27 2
10 12 6
37 53 12
14 85 9
67 27 17
49 43 3
7 66 18
44 27 17
55 53 10
3 99 2
31 70 9
83 16 18
62 24 18
42 39 16
99 98 20
43 4 16
26 75 1
35 64 13
76 14 15
11 94 13
3 27 12
13 86 13
74 61 5
18 15 3
96 9 19
33 58 10
26 82 7
39 90 1
12 41 6
30 19 7
25 7 1
68 45 5
53 41 6
94 56 14
94 62 11
8 79 10
14 67 7
6 54 3
8 92 7
67 44 5
53 25 19
70 23 20
55 24 20
53 77 5
66 39 10
42 75 12
30 14 7
68 33 5
28 45 18
53 60 11
4 36 8
68 3 17
18 57 16
42 52 9
77 84 6
6 39 14
7 28 20
45 27 2
41 20 3
81 72 5
5 31 10
44 4 18
54 95 20
85 9 2
93 95 20
15 31 13
68 20 9
12 66 16
94 86 7
77 71 7
95 32 4
30 98 11
60 51 8
17 63 7
72 77 5
8 64 16
53 74 16
45 81 3
95 30 19
71 1 12
16 58 6
65 74 11
52 12 2
20 3 2
83 94 9
81 27 19
99 66 16
13 42 8
95 36 18
68 36 5
64 65 2
78 35 7
10 8 10
0 73 12
95 43 7
59 12 17
98 1 16
43 94 19
11 47 3
29 64 6
85 88 18
90 62 16
23 52 5
58 74 9
25 4 6
10 36 15
65 51 8
32 21 6
10 56 2
68 79 17
88 33 13
67 22 15
21 5 9
5 9 15
74 19 12
85 48 8
14 23 5
28 83 18
46 69 11
76 16 6
72 57 4
59 56 18
82 19 7
67 84 9
36 81 5
95 42 17
29 67 18
99 14 17
35 90 1
5 98 5
45 70 10
85 28 15
96 51 17
36 99 16
98 21 20
58 66 12
85 23 1
36 38 6
34 75 5
0 99 4
22 23 8
94 39 17
68 26 7
80 32 5
63 42 20
46 49 10
88 83 1
53 69 10
46 33 3
89 77 4
62 76 11
0 81 9
56 26 4
8 22 5
69 96 6
95 68 3
74 45 13
27 61 5
5 8 6
23 31 6
10 16 4
84 65 10
94 45 14
6 34 11
87 64 4
46 29 9
53 26 16
35 44 3
28 14 15
94 36 9
35 7 18
32 48 10
86 52 20
3 18 12
90 20 9
61 3 10
25 80 12
79 3 2
66 40 13
67 24 11
7 73 8
33 4 5
34 21 4
50 36 12
75 0 5
37 58 10
18 44 16
67 1 4
95 94 6
40 92 12
55 30 3
17 1 16
60 56 6
35 41 12
46 62 14
49 80 13
7 22 15
96 37 6
7 31 16
86 92 13
61 89 1
78 93 17
48 19 5
46 92 17
8 25 12
5 4 17
74 78 6
99 94 14
44 85 3
33 87 18
22 95 20
95 14 14
92 48 12
39 25 4
30 96 6
85 47 15
22 1 1
72 50 4
53 7 16
22 86 4
61 97 3
14 15 3
82 13 4
17 8 3
36 71 5
94 51 18
17 23 6
29 79 3
28 19 5
56 5 3
28 70 5
52 77 13
82 72 11
88 67 6
51 82 13
59 85 19
74 44 13
24 64 5
55 13 20
25 13 14
90 91 13
17 28 10
91 70 11
11 61 18
89 38 13
25 11 2
16 21 18
44 92 15
12 53 20
79 74 2
85 68 2
84 49 8
20 55 4
76 52 6
17 15 2
91 33 18
6 7 14
0 22 9
23 84 9
20 85 5
36 19 1
9 17 2
14 13 4
64 28 19
6 95 12
58 85 16
61 68 12
93 39 1
28 31 12
61 37 4

