333 327 1525 8 94 540
0
2
3
4
5
6
7
11
13
14
15
18
19
20
21
24
27
29
30
32
33
36
37
38
39
41
42
45
46
48
49
50
54
55
56
58
60
61
64
66
68
73
74
76
78
79
80
91
93
94
98
100
105
107
109
111
112
113
115
116
117
118
119
120
121
124
127
129
132
134
137
138
139
140
142
143
148
149
150
151
152
157
159
161
163
165
170
178
179
181
185
187
188
189
191
194
198
199
202
204
207
208
209
210
213
214
215
216
217
218
219
221
224
225
228
230
234
235
238
239
241
242
245
246
248
249
252
253
254
258
259
260
263
264
265
268
269
272
273
275
276
279
280
283
284
285
286
287
288
290
291
292
295
296
297
299
302
303
304
305
306
309
311
314
317
318
319
321
322
323
324
328
329
331
338
341
343
347
348
350
351
352
354
355
357
358
359
360
361
363
364
365
367
370
371
372
374
376
377
378
379
380
384
386
387
388
389
390
391
392
393
397
398
400
403
406
407
408
409
410
412
417
418
419
420
422
424
426
427
429
431
432
433
434
437
438
441
448
452
454
461
463
466
468
469
471
472
473
476
479
481
485
488
493
494
495
496
497
502
506
511
515
517
518
520
522
524
527
528
530
532
534
536
537
539
540
541
543
544
545
548
549
551
553
554
555
556
561
562
564
566
567
568
569
574
576
577
578
579
580
581
582
583
584
586
588
590
592
593
596
598
599
605
607
608
611
615
616
617
620
621
625
631
641
642
643
645
646
652
653
654
657
658
0 15 5
0 16 8
0 28 7
1 2 10
1 16 4
1 17 4
2 18 8
2 3 4
3 4 7
3 19 11
3 34 6
3 35 3
3 18 8
4 19 7
4 5 6
4 20 4
5 38 5
5 6 9
5 20 11
6 21 8
6 7 10
7 22 9
7 8 9
7 23 7
8 24 6
8 23 7
9 26 6
9 10 2
9 25 10
10 44 7
10 11 5
10 45 6
11 12 2
11 45 9
12 45 4
13 14 2
13 27 5
14 28 5
15 30 7
15 16 2
15 28 6
16 31 4
16 53 10
16 17 6
17 53 5
17 32 9
17 18 2
18 33 8
19 20 9
19 36 6
20 37 7
20 38 5
20 36 10
21 22 3
21 39 9
21 38 7
22 39 7
22 23 11
23 41 5
23 24 10
23 40 5
24 41 8
24 25 2
25 26 2
25 42 9
26 43 10
26 44 8
27 48 3
27 28 5
28 50 11
28 49 11
28 29 11
29 30 10
29 51 5
30 31 4
30 51 5
31 51 10
31 53 10
32 33 10
32 53 8
33 34 4
33 54 10
34 55 3
34 35 2
34 54 9
35 56 11
35 36 6
36 37 5
36 59 5
36 58 5
36 57 11
37 59 11
37 38 2
38 39 9
38 60 11
39 61 8
39 83 11
39 40 9
40 62 6
40 61 4
40 97 6
40 85 4
41 42 9
41 62 4
42 43 9
42 63 11
43 64 7
43 44 7
44 45 9
44 65 2
45 46 8
45 47 9
45 66 10
45 67 10
46 47 3
46 67 5
47 68 10
48 49 10
48 69 5
49 50 4
49 70 4
50 71 3
50 51 9
51 72 5
51 73 7
51 105 5
51 52 10
52 74 8
52 53 7
53 54 11
53 75 8
54 93 6
54 76 7
54 55 4
54 75 10
55 56 9
55 77 6
56 57 5
56 78 10
57 58 8
57 79 10
58 80 9
58 59 3
59 60 3
59 81 6
59 95 4
60 82 4
60 83 6
61 84 10
61 83 3
62 63 9
62 86 5
63 64 9
63 87 3
64 65 2
64 87 7
65 98 6
65 88 7
65 99 5
65 66 8
65 87 3
66 67 4
67 68 10
67 88 5
68 88 10
69 70 5
69 89 4
70 71 7
70 90 8
71 72 3
71 90 10
72 73 2
72 90 8
73 91 9
73 105 4
74 105 4
74 75 6
75 92 11
76 77 9
76 94 3
77 78 10
77 107 6
78 79 6
78 107 3
79 80 5
79 107 3
80 81 2
80 120 4
81 95 10
81 120 2
82 96 9
82 83 8
82 95 6
83 84 11
83 97 11
84 97 7
85 86 4
85 97 3
86 87 10
87 98 2
87 144 8
87 123 8
87 110 6
87 97 4
87 124 11
88 100 11
88 101 10
88 99 8
89 102 11
89 90 6
90 103 7
90 91 7
90 129 8
90 104 6
91 105 6
91 104 7
92 93 10
92 105 6
92 116 3
93 94 9
93 106 5
94 107 7
94 106 5
95 96 10
95 121 2
95 120 9
96 108 3
96 97 6
96 109 11
96 122 5
97 110 6
97 108 11
97 109 3
98 111 4
98 99 3
99 100 7
99 112 3
100 113 4
100 101 8
101 127 2
101 113 10
102 114 5
102 129 8
103 129 3
103 104 4
104 129 10
104 105 11
104 115 5
104 214 10
105 116 6
106 118 5
106 116 6
106 107 10
106 133 2
107 120 4
107 134 10
108 109 11
109 138 4
109 110 11
109 141 4
109 139 10
109 140 10
109 122 6
110 141 2
111 112 11
111 125 9
111 144 11
112 126 3
112 113 6
112 125 11
113 126 10
113 127 3
113 145 8
114 128 5
114 129 7
115 164 4
115 165 10
115 214 3
115 116 6
116 148 7
116 130 2
116 117 8
117 131 2
117 118 4
118 132 5
118 151 4
118 133 9
119 135 6
119 120 6
119 134 5
120 121 9
120 136 5
121 137 10
121 122 5
122 155 4
122 138 10
122 137 7
123 142 3
123 141 8
123 124 8
124 143 5
124 144 2
125 126 11
125 144 3
125 159 11
126 159 2
127 146 9
128 161 11
128 129 6
129 161 5
129 162 8
129 147 7
130 131 10
130 149 7
131 150 8
131 151 8
132 151 9
132 188 9
133 170 11
133 134 3
133 188 4
134 152 4
134 135 7
135 153 2
135 136 6
136 137 7
136 153 9
136 173 3
136 154 4
137 154 10
138 139 3
138 156 6
139 140 4
139 157 7
140 157 9
140 141 8
141 142 2
141 158 4
142 143 6
142 158 2
143 158 11
143 144 5
144 180 4
144 179 9
144 158 2
144 159 4
145 160 8
145 146 8
145 159 10
146 197 5
146 160 4
146 182 6
147 163 2
147 214 8
148 149 7
148 165 7
149 150 5
149 166 8
150 167 5
150 151 5
151 168 5
151 188 3
152 153 2
152 171 9
152 170 3
153 172 10
154 155 10
154 173 8
155 156 9
155 174 7
156 175 9
156 157 2
157 176 11
157 175 8
157 192 11
157 158 11
158 177 3
158 178 7
159 180 2
159 160 10
159 182 6
159 181 10
161 162 2
161 183 4
161 212 11
162 183 3
162 163 3
163 199 8
163 183 2
163 214 7
164 184 5
164 165 4
164 214 4
165 186 5
165 185 10
165 166 10
166 167 5
166 187 11
167 168 4
168 201 5
168 202 3
168 187 3
168 169 6
169 203 5
169 188 5
170 171 11
170 188 5
171 172 9
171 189 6
172 190 5
172 173 11
173 190 10
173 174 10
173 204 3
173 221 3
173 236 8
174 175 9
174 236 8
175 191 2
176 177 2
176 192 9
177 193 2
177 178 6
178 179 2
178 195 6
178 194 11
179 180 5
179 195 8
180 181 6
180 195 8
181 182 9
181 196 2
182 196 11
183 198 3
184 185 10
184 200 5
184 214 9
185 186 4
185 200 7
186 187 11
186 216 5
187 217 4
188 203 11
188 189 6
189 190 9
189 204 9
190 204 7
191 192 9
191 205 7
191 236 6
192 193 6
192 205 10
192 206 4
193 194 5
193 207 5
194 208 9
194 195 5
195 208 8
195 209 3
195 224 7
195 196 11
196 211 11
196 210 2
196 197 4
197 243 6
197 211 2
197 242 9
198 199 5
198 212 9
199 213 10
199 214 10
200 216 10
200 215 5
200 214 5
201 202 9
201 217 11
202 218 6
202 203 10
203 220 10
203 219 4
203 204 2
204 234 5
204 235 10
205 223 9
205 206 2
205 222 5
205 236 9
206 254 11
206 237 10
206 223 3
206 207 2
207 208 5
207 254 5
208 224 4
208 254 4
208 255 3
209 210 8
209 224 3
209 225 11
210 211 10
210 226 2
211 241 10
212 227 6
212 213 5
213 261 10
213 244 10
213 228 5
213 245 11
213 227 5
213 214 3
214 229 5
214 228 11
214 215 2
215 216 11
215 229 3
216 217 4
216 229 4
217 230 5
217 218 11
217 231 5
218 232 5
218 230 7
218 231 9
218 219 7
219 232 4
219 220 8
219 233 4
220 248 10
220 234 2
220 233 9
221 235 11
221 269 4
221 236 2
222 252 5
222 223 5
222 236 4
223 237 10
224 239 8
224 238 2
224 225 10
225 226 2
225 240 2
226 241 10
227 244 6
228 245 3
228 229 7
229 247 7
229 230 3
229 245 3
229 246 9
230 264 5
230 265 4
230 231 10
230 266 4
230 247 2
230 233 11
232 233 5
233 248 3
233 287 9
233 267 8
234 249 4
234 235 8
235 250 7
236 251 11
236 252 4
237 252 9
237 253 2
237 254 10
238 239 7
238 256 8
238 255 6
239 240 6
239 257 3
240 258 4
240 241 9
241 259 6
241 242 10
241 298 6
242 243 9
242 299 10
242 298 7
244 260 3
244 279 6
245 263 8
245 246 3
245 262 7
246 247 2
246 282 3
247 264 10
247 283 2
247 282 11
248 249 5
248 268 6
249 250 11
249 289 9
250 269 5
250 289 11
251 269 6
251 252 11
251 270 7
252 271 3
252 253 2
252 272 7
253 272 5
253 254 4
254 273 8
254 255 8
255 256 8
255 274 7
256 257 10
256 275 5
257 258 8
257 276 10
258 259 4
258 277 10
259 278 3
259 298 2
260 300 4
260 279 2
261 262 3
261 279 4
261 280 7
262 263 2
262 280 8
263 281 8
263 282 10
264 265 4
264 283 8
265 266 9
265 284 8
266 267 6
266 285 4
267 286 2
267 287 2
268 288 7
268 289 5
268 287 8
269 290 5
269 289 5
270 310 6
270 309 5
270 271 8
270 311 3
270 290 7
270 291 4
271 272 10
272 292 10
272 273 7
272 291 2
273 274 7
273 313 7
274 275 8
274 293 10
275 276 9
275 294 8
276 277 7
276 295 7
277 278 4
277 296 9
278 297 8
278 298 9
279 300 4
279 301 4
279 280 3
280 302 10
280 303 8
280 281 4
281 304 8
281 282 3
282 325 10
282 304 8
282 283 4
282 341 10
283 326 8
283 284 2
283 327 7
284 285 11
284 327 4
285 286 10
285 327 6
286 305 5
286 287 5
287 306 3
287 288 5
288 328 7
288 289 6
289 328 4
289 307 11
289 359 9
290 308 8
290 307 6
291 292 2
291 311 2
292 312 5
292 313 7
293 294 3
293 314 10
293 313 4
294 295 9
294 315 3
295 296 2
295 316 8
296 297 3
296 317 9
297 318 4
297 298 8
298 319 5
298 320 9
298 299 10
299 320 6
300 321 4
300 301 3
301 302 10
301 322 4
302 303 8
302 323 6
303 304 2
303 324 9
304 324 11
305 306 11
305 328 11
305 327 9
306 328 2
307 347 4
307 308 7
307 329 6
308 309 6
308 329 11
309 310 7
309 329 8
310 311 7
310 329 4
311 312 2
311 330 8
312 313 8
312 330 3
313 314 7
313 331 9
314 315 9
314 331 3
315 316 7
315 331 6
316 317 2
316 332 3
317 318 9
317 333 3
318 319 7
318 333 8
319 334 7
319 320 3
320 335 7
320 336 3
321 322 7
321 337 4
322 323 5
322 338 11
323 339 4
323 324 5
324 340 7
324 341 6
325 326 10
325 342 5
325 341 7
326 343 9
326 342 2
327 328 5
327 344 11
327 343 2
328 345 9
328 346 11
329 330 5
329 362 8
329 348 11
329 350 9
329 349 3
330 350 3
330 351 6
330 331 11
330 380 9
331 353 5
331 351 8
331 332 11
331 352 2
332 365 5
332 333 9
333 367 5
333 334 10
333 365 2
333 366 2
334 335 2
334 367 6
335 354 6
335 336 7
336 354 8
336 369 6
337 338 10
337 355 10
338 339 7
338 370 5
339 340 7
339 370 6
340 356 3
340 341 10
341 371 11
341 342 4
341 356 9
342 343 11
342 357 3
342 371 3
343 344 6
343 357 10
344 357 4
344 345 7
345 374 4
345 358 4
345 357 10
345 346 5
346 376 4
346 358 6
346 359 11
347 348 6
347 359 4
348 349 9
348 360 8
349 361 10
350 380 2
351 352 3
351 380 2
351 363 9
352 353 4
352 363 10
353 364 4
353 365 7
354 368 6
354 367 11
355 370 3
355 398 7
356 370 4
356 403 6
356 371 7
356 401 2
357 373 11
357 372 9
357 406 9
357 371 4
358 375 6
359 378 8
359 377 8
359 360 6
360 361 11
360 379 11
361 362 7
361 380 5
362 380 8
363 412 7
363 393 3
363 364 8
363 392 11
363 431 6
363 380 5
363 411 10
363 381 11
364 382 4
364 365 2
365 383 6
365 366 10
365 384 9
366 367 10
366 384 10
367 368 7
367 384 5
368 369 10
368 384 2
369 397 6
369 384 9
370 398 11
371 372 5
371 385 10
372 373 2
372 385 5
373 386 6
373 406 3
374 387 5
374 406 3
374 375 3
375 387 5
375 376 7
375 388 5
375 408 7
376 377 11
376 388 8
377 378 7
377 389 11
378 379 4
378 390 11
379 411 8
379 380 9
380 391 10
380 392 2
380 411 9
381 412 9
381 393 11
382 383 5
382 394 5
382 393 2
383 415 8
383 384 4
384 395 9
384 396 9
384 415 7
385 386 9
385 404 5
385 403 7
386 405 2
386 406 6
387 407 3
387 406 11
388 389 3
388 409 11
389 390 2
389 427 6
390 411 8
390 410 4
391 392 6
391 411 4
392 411 5
393 413 10
393 394 10
394 413 3
394 414 5
394 415 7
394 433 6
395 415 10
395 396 10
395 435 4
396 417 9
396 416 11
396 397 4
397 418 8
398 399 3
398 419 4
398 400 5
398 401 9
399 400 4
399 420 8
400 421 5
400 401 11
401 403 4
401 451 8
401 421 10
401 402 4
402 451 3
402 403 6
403 422 2
403 451 6
403 404 4
404 405 11
404 423 8
405 424 10
405 406 2
406 424 7
406 441 5
406 456 7
406 440 6
406 425 8
406 407 10
406 455 4
407 408 6
407 425 7
408 409 3
408 441 6
409 426 3
409 427 4
410 427 7
410 443 8
410 442 11
410 428 11
410 411 4
410 471 8
410 486 3
411 430 9
411 429 9
411 428 3
411 444 8
412 413 2
412 432 11
413 433 5
414 434 9
414 415 2
415 448 5
415 435 3
416 417 5
416 435 11
416 436 11
417 418 5
417 436 5
418 436 5
419 420 11
419 437 6
420 421 9
420 438 7
421 438 8
422 423 5
422 454 4
422 451 6
423 424 10
423 454 8
424 440 2
425 441 9
426 442 8
426 427 3
426 441 10
426 486 9
427 442 5
428 443 8
428 429 6
429 443 6
429 457 4
429 444 6
430 431 10
430 445 5
430 444 9
431 432 3
431 445 8
432 446 4
432 433 6
433 434 9
433 447 8
434 448 2
434 461 8
435 448 10
435 449 9
435 436 10
436 463 9
436 450 4
436 465 11
436 449 6
437 438 3
437 498 2
438 451 5
438 498 2
439 452 2
439 454 11
439 451 8
440 454 11
441 470 7
442 486 2
443 471 10
444 488 11
444 445 11
444 457 11
444 458 6
444 472 8
445 446 8
446 458 6
446 447 11
447 459 3
447 461 6
447 460 8
448 449 3
448 461 10
449 462 9
450 464 5
451 452 4
451 498 3
451 481 10
452 453 8
452 466 9
453 467 2
453 454 7
454 455 9
454 468 11
455 456 6
455 469 11
456 469 8
456 470 8
457 471 5
457 543 5
458 459 5
458 473 4
459 460 9
459 474 9
460 475 3
460 461 10
461 476 11
461 462 3
461 477 8
462 463 7
462 478 10
463 464 9
463 479 4
464 465 5
464 479 3
465 497 6
466 467 8
466 481 10
467 468 5
467 482 2
468 469 7
468 482 8
469 483 2
469 470 5
469 482 9
470 485 6
470 484 7
470 505 10
470 486 4
471 487 3
471 507 3
471 486 6
472 488 3
472 489 2
472 473 4
473 474 8
473 490 8
474 475 8
474 491 6
475 476 2
475 492 2
476 477 8
476 492 8
477 478 4
477 493 8
478 494 4
478 479 2
479 496 4
479 495 9
479 497 11
480 516 9
480 515 10
480 498 9
481 498 9
481 520 5
481 482 2
481 501 4
481 499 8
481 500 6
482 521 7
482 502 4
482 483 2
482 501 8
482 503 2
483 484 4
483 504 7
484 504 8
485 505 10
485 486 7
486 506 3
487 543 7
487 507 5
488 508 11
488 489 10
488 543 11
488 559 4
489 490 8
489 509 6
490 491 4
490 509 7
491 528 3
491 510 4
491 492 5
491 509 9
492 493 8
492 510 11
492 511 10
493 494 2
493 529 9
494 495 7
494 512 8
495 513 2
495 496 3
496 513 5
496 514 6
496 530 2
496 497 7
497 514 6
498 517 2
498 515 5
498 499 2
499 500 9
499 518 3
500 519 4
501 502 4
501 520 7
502 520 7
503 522 8
503 504 7
504 505 2
504 523 11
504 524 8
505 540 2
505 541 4
505 557 10
505 542 10
505 524 10
505 506 10
505 543 3
506 507 8
507 543 4
508 525 8
508 543 11
508 559 11
509 526 3
509 527 4
509 559 5
510 511 2
510 546 3
511 529 2
511 563 3
512 513 10
512 547 8
512 530 5
512 529 6
513 530 2
514 531 4
515 516 5
515 532 11
516 517 4
516 532 6
517 518 7
517 533 6
518 519 6
518 533 8
519 520 8
519 534 4
519 551 2
519 533 3
520 521 8
520 534 9
520 535 5
520 536 4
521 522 11
521 536 11
522 523 10
522 537 2
523 524 6
523 538 2
524 539 6
525 543 7
525 559 5
526 527 3
526 544 5
526 559 10
527 528 6
527 544 3
528 545 7
528 546 10
529 563 6
530 548 5
530 531 4
531 549 8
532 550 9
532 533 6
532 567 8
532 597 11
533 550 8
533 568 4
534 535 10
534 551 6
535 536 2
535 569 5
536 570 6
536 552 8
536 571 6
536 537 5
537 538 10
537 552 4
538 539 9
538 553 6
539 540 5
539 554 3
540 541 10
540 555 9
541 556 11
542 557 4
542 558 3
542 543 9
543 558 3
543 575 4
543 559 7
544 560 6
544 545 7
544 561 6
544 559 4
545 546 7
545 561 2
546 562 9
546 563 4
547 564 3
547 548 8
547 563 3
548 549 10
548 566 4
548 565 7
549 580 5
550 568 10
550 567 6
551 600 2
551 570 3
551 569 5
551 568 9
552 553 4
552 571 10
553 554 11
553 572 8
554 555 8
554 573 2
555 556 9
555 573 3
556 557 5
556 574 2
557 558 11
557 574 4
558 575 9
559 591 10
559 560 7
559 576 9
559 577 11
560 561 8
560 577 6
561 578 9
561 562 3
561 592 7
561 563 7
562 563 10
563 593 3
563 564 2
563 595 7
563 594 9
564 565 6
564 579 8
565 566 11
565 579 9
566 580 11
567 568 5
567 581 3
567 597 10
568 599 9
568 581 9
569 570 10
570 601 7
570 571 6
570 602 5
571 582 9
571 572 7
571 602 5
572 583 5
572 573 9
573 584 4
573 574 10
573 585 4
574 586 9
574 587 7
574 575 10
574 585 10
575 576 11
575 589 5
575 588 4
576 590 5
577 591 2
577 578 3
577 592 4
577 622 6
578 592 3
579 596 4
579 580 10
579 595 9
580 596 7
580 643 5
581 612 5
581 598 3
581 597 2
582 583 6
582 603 8
582 602 7
583 584 11
583 604 11
584 585 7
584 604 7
585 586 2
585 636 6
585 617 9
585 605 3
585 604 10
586 587 6
586 605 10
587 588 8
587 605 8
588 589 6
588 638 7
589 590 11
589 638 9
590 591 8
590 621 3
591 606 3
592 593 6
592 607 10
593 594 9
594 608 3
594 595 8
594 625 2
594 626 2
594 607 3
595 608 5
595 596 5
596 609 10
597 611 5
597 598 3
597 610 10
598 611 10
598 628 9
598 612 9
599 613 2
599 612 6
599 600 9
600 601 7
600 630 6
600 613 11
600 614 6
601 614 5
601 602 8
602 603 3
602 614 6
603 615 10
603 604 9
604 616 11
605 619 9
605 618 11
605 638 3
606 621 6
606 622 7
607 623 9
607 624 9
607 622 10
608 609 4
608 642 10
608 657 5
608 643 8
609 643 5
610 611 9
610 627 8
611 627 11
612 613 5
612 629 3
613 630 8
614 632 9
614 615 9
614 631 11
614 633 9
615 634 10
615 616 2
616 636 3
616 617 11
616 650 9
616 635 5
617 636 6
618 651 8
618 636 7
618 637 9
618 650 10
618 619 6
619 620 2
619 637 4
620 638 6
621 653 11
621 622 9
621 638 5
622 623 9
622 639 7
622 640 5
623 624 5
623 640 2
624 625 10
624 641 8
625 626 2
625 657 4
626 657 9
627 628 8
627 645 8
628 629 11
628 646 2
629 647 2
629 630 5
630 631 10
630 648 7
631 632 9
631 648 8
632 648 10
632 633 2
633 649 10
633 648 4
633 634 5
634 635 3
634 649 6
635 649 4
636 650 7
637 651 2
637 638 5
638 652 7
638 653 9
639 654 3
639 653 5
639 640 3
640 641 6
640 656 4
640 655 7
641 656 10
641 657 7
642 657 5
642 643 7
643 658 4
643 644 7
644 659 11
644 658 9
645 646 3
646 647 10
647 648 5
649 650 6
651 652 7
652 653 2
653 654 6
654 655 7
656 657 10
657 658 8
658 659 4
