350 310 1518 8 60 588
3
4
6
8
9
12
13
14
15
17
18
21
23
25
28
34
35
36
39
40
42
43
44
45
48
49
52
54
56
58
60
61
66
67
68
70
71
72
73
76
77
78
79
80
81
84
90
91
92
93
101
104
105
107
109
110
112
114
117
118
120
121
122
126
128
129
132
134
135
141
142
143
147
148
150
151
152
154
156
157
158
159
160
161
164
166
171
179
180
182
185
186
188
189
192
194
197
201
202
203
204
206
209
210
211
216
217
218
219
221
223
225
226
228
229
231
232
234
236
237
239
241
244
245
246
249
250
252
255
257
258
259
260
261
263
264
266
268
269
270
273
275
278
279
280
281
282
283
285
289
291
295
303
306
307
308
309
310
311
312
313
314
317
320
323
324
325
326
327
329
330
333
334
336
339
340
341
342
343
345
347
349
350
351
352
354
356
364
365
369
370
371
374
375
378
379
381
384
388
389
393
394
396
401
409
410
411
412
413
415
417
419
420
421
422
424
425
426
427
429
430
431
432
433
434
438
442
446
448
449
450
451
453
454
455
461
464
466
469
470
471
472
475
476
477
479
480
484
485
487
488
489
491
492
493
495
497
498
501
502
504
506
510
512
513
514
516
518
519
520
523
527
528
531
535
536
538
541
542
543
545
546
547
549
551
553
554
558
559
560
561
563
567
568
569
570
572
574
576
578
579
580
581
582
585
586
587
588
589
590
593
595
596
597
598
599
601
603
604
605
606
608
613
614
616
618
620
622
623
626
627
628
631
632
633
634
636
637
638
640
641
643
645
647
651
652
653
656
657
658
0 1 9
0 22 8
0 23 8
1 2 11
1 23 8
2 3 7
2 24 5
3 4 8
3 25 2
4 5 4
4 26 8
5 6 9
5 27 5
6 7 5
6 28 4
7 8 2
7 29 2
8 30 8
8 43 8
9 44 9
9 63 11
9 10 5
9 43 6
10 11 4
10 63 10
11 12 6
11 31 4
12 13 3
12 45 5
13 32 4
13 47 10
14 15 10
14 50 9
14 47 9
14 49 3
15 52 11
15 34 2
15 33 6
15 16 9
16 17 5
16 34 11
17 35 3
17 18 3
18 53 2
18 35 5
18 73 5
19 20 8
19 73 7
20 73 6
21 22 2
21 36 7
22 36 11
22 23 6
23 57 2
23 37 10
23 38 3
23 24 5
24 25 11
24 38 9
25 26 7
25 39 2
26 27 2
26 40 6
27 28 9
27 41 6
28 29 3
28 42 11
29 30 11
29 42 6
30 43 8
31 63 7
31 45 5
32 46 5
32 47 11
32 45 7
33 51 7
33 50 3
34 35 7
34 71 7
35 53 5
36 37 2
36 56 11
37 56 9
38 57 7
38 58 4
38 39 3
38 78 5
39 40 8
39 58 10
40 41 8
40 59 11
41 60 7
41 42 6
42 62 7
42 61 7
42 43 4
43 44 7
43 83 7
44 63 4
44 84 4
45 64 11
45 63 7
45 46 3
46 65 10
46 66 9
47 67 3
47 66 8
47 48 3
47 49 7
48 67 3
48 68 6
48 87 10
48 49 3
49 68 9
49 50 11
50 51 7
50 69 4
51 52 8
51 70 9
52 71 8
52 70 4
53 71 7
53 72 8
53 73 4
54 55 5
54 74 3
54 73 4
55 75 4
55 73 3
56 76 7
56 57 5
56 77 10
57 78 7
58 59 11
58 79 5
59 60 4
59 80 6
60 61 8
60 81 5
61 62 7
61 81 3
62 82 9
62 83 11
63 85 5
63 64 10
63 84 8
64 65 9
64 86 5
65 66 3
65 86 3
66 67 2
66 104 8
67 87 10
68 69 6
68 88 11
69 126 3
69 70 4
70 90 11
70 71 6
70 89 6
71 72 2
71 90 7
72 92 9
72 91 10
72 73 4
73 93 2
73 74 5
74 113 4
74 75 4
75 131 8
75 113 8
75 151 7
76 94 3
76 77 7
77 95 9
77 114 9
77 78 4
78 79 6
78 96 5
78 97 2
78 116 10
79 80 10
79 97 10
80 98 11
80 81 9
81 99 3
81 82 9
81 119 3
82 100 2
82 83 2
83 101 2
83 84 5
84 101 3
84 120 9
84 85 5
84 141 3
84 140 4
84 142 6
84 121 6
84 100 4
84 139 4
85 86 8
86 142 2
86 103 7
86 104 11
86 102 4
87 88 7
87 105 7
87 104 10
88 106 3
88 126 5
89 107 11
89 126 10
89 90 7
90 108 10
90 91 9
90 109 4
91 92 11
91 110 7
92 93 6
92 111 10
93 112 10
93 113 10
94 132 7
94 114 9
95 96 10
95 115 7
95 114 2
96 116 6
97 98 9
97 117 10
98 118 10
98 119 5
99 100 6
99 119 9
100 101 2
100 120 4
102 103 2
102 122 6
102 142 4
103 144 4
103 104 11
104 123 10
104 105 7
105 125 4
105 106 11
105 124 9
106 126 10
107 108 10
107 127 9
107 126 11
108 109 5
108 148 5
109 110 2
109 128 7
110 111 7
110 173 10
111 112 10
111 129 6
112 130 6
112 113 5
113 131 6
114 133 3
114 132 6
114 115 10
115 134 5
115 116 4
116 117 9
116 136 7
116 135 11
116 153 8
117 118 2
117 136 9
118 137 5
118 119 4
119 138 5
119 120 8
120 163 10
120 138 4
120 139 2
121 142 9
122 143 5
122 144 5
122 142 4
123 124 8
123 144 6
123 145 10
124 145 5
124 125 8
125 145 5
125 126 4
125 146 10
126 127 11
126 147 4
126 146 2
127 148 2
128 173 6
128 159 10
128 148 2
129 149 11
129 130 4
129 173 8
130 131 5
130 150 4
130 149 6
130 160 2
131 150 11
132 133 11
132 152 8
133 134 10
133 178 8
134 135 11
134 161 9
135 161 11
136 137 10
136 153 10
137 154 4
137 138 2
138 154 2
138 163 4
139 164 3
139 140 8
140 141 2
141 164 6
141 142 3
142 165 3
142 155 7
142 143 10
143 166 2
143 144 11
144 156 5
144 145 5
145 157 11
145 168 7
146 198 11
146 158 2
146 147 10
146 169 2
146 157 11
147 158 10
147 148 7
148 159 3
149 173 5
150 151 4
150 160 6
151 160 3
152 178 2
153 162 8
153 154 8
153 161 7
154 163 11
155 165 8
155 164 6
156 167 7
156 166 5
156 168 7
157 169 6
157 168 4
158 198 10
158 159 11
159 173 9
159 171 2
159 170 8
159 185 2
160 175 5
160 176 8
160 174 2
160 173 10
161 162 10
161 178 6
162 163 6
162 226 4
162 178 9
163 179 4
163 180 8
163 190 10
163 226 10
163 164 11
164 165 6
164 228 10
164 194 8
164 180 9
165 166 6
165 181 8
165 196 3
166 167 8
166 196 9
167 182 2
167 168 8
168 183 2
168 169 5
169 184 11
170 171 7
170 200 2
170 198 8
171 200 8
171 185 2
172 186 4
172 185 7
172 173 9
173 187 5
173 174 3
174 175 5
174 188 9
175 176 7
175 188 7
176 189 5
177 206 3
177 178 10
178 207 2
178 209 5
178 210 5
178 208 5
179 191 8
179 180 7
179 190 11
180 193 8
180 192 6
181 195 6
181 228 10
181 196 11
182 183 2
182 196 2
183 184 3
183 217 4
184 197 10
184 198 11
185 186 9
185 200 9
185 202 2
186 187 10
186 202 9
187 188 7
187 203 11
188 204 5
188 189 7
188 203 3
189 205 11
190 191 2
190 227 6
191 192 10
191 211 2
192 193 11
192 212 8
193 194 6
193 213 4
194 228 8
195 214 8
195 228 11
195 196 3
195 279 6
196 216 5
196 215 6
196 217 10
197 198 9
197 217 10
198 220 5
198 199 8
198 218 11
198 219 8
198 200 10
198 233 3
199 219 3
200 201 9
200 220 11
201 220 2
201 202 10
202 203 6
202 222 10
202 236 9
202 221 10
203 204 7
203 222 8
204 205 6
204 222 11
205 222 3
206 207 4
206 240 9
207 223 10
207 240 9
207 208 2
207 241 2
208 209 2
208 223 5
209 210 8
209 224 5
210 225 11
210 226 5
211 212 2
211 227 10
211 257 3
212 213 3
212 257 6
213 228 5
213 257 3
214 228 5
214 257 2
214 279 11
215 216 11
215 279 5
215 229 7
216 230 8
216 217 7
217 231 4
217 218 3
217 248 2
218 219 5
218 232 7
219 233 5
220 221 5
220 234 5
220 233 11
221 235 8
222 239 6
222 236 11
222 238 6
222 237 4
223 224 3
223 242 6
224 225 5
224 242 4
225 243 5
225 226 6
226 244 3
226 227 10
226 292 9
227 245 2
228 257 9
229 279 7
229 262 6
229 230 2
229 246 2
230 231 4
230 246 10
231 248 10
231 247 7
232 249 3
232 248 7
232 233 6
233 251 10
233 265 6
233 250 11
233 234 11
233 252 8
234 252 3
234 235 3
235 267 10
235 236 10
235 266 8
235 252 3
236 267 7
236 237 6
237 267 5
237 286 4
237 305 8
237 306 7
237 287 6
237 239 5
237 269 4
237 356 9
237 268 2
237 238 11
237 374 5
238 239 11
239 270 6
240 241 4
240 289 8
241 242 5
241 253 8
241 271 11
241 289 4
242 253 5
242 254 10
242 243 10
243 292 4
244 245 2
244 255 3
244 292 2
245 256 9
245 257 6
246 262 9
246 247 8
247 263 4
247 262 6
247 280 9
247 321 2
247 248 5
247 281 6
248 249 8
249 250 6
249 263 7
250 251 5
250 281 3
251 264 8
252 283 11
252 265 7
252 266 10
253 254 8
253 272 8
254 273 2
254 292 9
255 256 9
255 274 9
255 292 4
256 257 3
256 274 2
257 260 11
257 259 4
257 258 6
257 274 8
257 279 7
258 276 6
258 259 5
258 275 8
259 260 9
259 277 4
260 261 4
260 278 9
261 298 4
261 278 7
261 279 9
262 280 2
262 319 8
262 300 7
262 279 7
263 281 2
264 265 7
264 281 2
265 282 6
266 284 10
266 267 9
267 285 3
267 268 3
268 286 4
269 270 9
269 287 9
270 288 4
271 272 5
271 289 6
272 273 9
272 290 9
273 291 11
273 292 5
274 294 2
274 293 7
274 275 5
275 276 8
275 295 9
276 277 11
276 296 11
277 297 2
277 278 6
278 298 9
278 316 8
278 297 10
279 299 5
279 300 7
280 320 5
280 321 9
281 282 7
281 301 2
281 302 5
281 322 4
281 339 5
282 283 4
282 302 8
283 284 6
283 303 6
284 285 2
284 304 8
285 286 11
285 305 2
287 288 9
287 306 5
288 307 3
289 308 2
289 290 5
289 309 10
290 291 4
290 310 6
291 310 5
291 292 9
292 312 11
292 311 5
292 293 3
293 294 10
293 313 5
294 295 5
294 314 11
295 315 11
295 296 10
296 315 4
296 316 5
296 331 3
296 297 3
297 316 8
298 299 4
298 317 8
299 300 11
299 318 5
300 319 11
301 370 7
301 321 4
301 338 3
302 303 11
302 322 8
303 304 4
303 323 11
304 305 4
304 323 5
305 356 7
306 307 10
306 324 4
307 325 10
308 309 3
308 326 6
309 310 4
309 326 4
310 311 5
310 327 5
310 326 3
311 312 3
311 328 10
312 313 9
312 329 5
313 314 8
313 329 4
314 315 3
314 348 5
315 330 7
316 332 8
316 333 11
316 317 3
317 333 7
317 318 11
317 334 4
317 350 2
318 334 2
318 319 10
319 335 3
319 336 7
319 320 3
320 337 10
320 321 2
321 337 8
322 340 3
322 323 3
323 341 8
323 356 9
323 371 11
324 325 4
324 342 4
324 374 7
325 343 5
326 344 2
326 376 3
326 345 6
326 327 2
327 345 9
327 328 9
328 345 11
328 329 2
328 346 4
329 347 10
329 346 5
329 348 6
330 331 9
330 348 7
331 332 6
331 364 5
332 333 8
332 364 9
333 349 7
334 335 2
334 351 7
335 336 3
335 352 10
336 353 3
336 337 3
337 354 5
337 370 9
338 339 6
338 370 2
339 340 11
339 355 7
340 341 5
340 371 4
341 371 8
342 343 10
342 358 4
342 374 4
343 375 5
344 376 6
344 359 10
344 345 4
345 359 8
345 360 8
345 346 10
346 360 10
346 347 4
346 379 6
346 361 8
347 362 5
347 348 11
348 363 9
348 364 9
349 350 11
349 366 6
349 364 2
350 351 4
350 367 3
351 352 3
351 368 2
352 353 5
352 369 9
353 369 2
353 354 7
354 388 5
354 370 5
355 370 3
355 371 2
356 357 8
356 371 2
356 404 7
356 374 11
357 374 3
358 375 2
358 393 3
358 374 8
359 360 11
359 376 9
359 377 9
359 378 8
360 378 8
360 379 4
361 362 3
361 380 5
362 363 6
362 381 10
363 382 4
363 381 10
363 364 11
364 382 2
364 383 10
364 365 6
365 366 5
365 384 8
366 367 2
366 385 7
367 368 10
367 386 7
368 369 8
368 387 3
369 388 6
369 431 2
369 387 11
370 390 5
370 388 11
370 371 7
370 418 2
371 372 2
371 373 6
371 403 10
372 373 8
372 404 6
373 404 6
374 404 6
374 393 10
374 392 9
374 391 2
375 393 10
376 377 6
376 394 10
377 378 8
377 394 11
378 395 8
378 396 7
378 379 11
379 380 3
379 397 10
380 381 7
380 397 3
381 443 3
381 425 7
381 426 7
381 412 6
381 411 9
381 398 8
382 383 11
382 398 5
383 384 11
383 398 8
384 385 6
384 399 3
385 386 9
385 400 8
386 429 4
386 387 2
387 429 8
387 415 9
387 431 5
388 416 3
388 389 7
388 402 3
388 431 3
388 418 6
389 401 7
390 403 4
390 418 2
391 392 6
391 406 8
391 404 5
392 406 2
392 393 10
393 422 2
394 395 10
394 408 3
394 407 9
395 396 7
395 409 8
396 424 3
396 397 5
397 410 9
397 411 9
398 399 7
398 414 7
398 413 4
399 400 11
399 414 8
400 429 3
401 416 10
401 417 7
401 402 8
401 449 6
402 417 4
402 418 2
403 420 9
403 419 11
403 434 6
403 450 7
403 418 4
403 404 9
404 420 4
404 405 10
405 406 2
405 421 11
406 438 8
406 421 2
406 422 10
407 408 8
407 423 11
408 409 11
408 423 10
409 440 6
409 424 6
410 411 7
410 425 6
410 424 9
411 425 7
412 426 4
412 413 7
413 414 6
413 427 8
413 426 9
414 429 9
414 427 8
414 428 5
415 430 9
415 429 8
415 431 6
416 432 4
416 431 8
417 433 5
417 418 9
418 476 11
418 419 9
418 462 7
418 450 2
418 433 3
420 435 10
420 421 4
421 437 3
421 436 11
422 465 4
422 438 6
422 452 7
423 440 6
423 439 11
423 466 7
424 425 9
424 440 6
424 441 6
425 442 9
426 444 9
426 443 7
427 444 4
427 445 11
427 428 7
427 455 6
428 429 3
429 446 4
429 445 5
429 430 6
429 458 5
430 431 4
430 447 3
431 432 2
431 447 3
432 448 8
432 449 5
433 475 6
433 461 8
433 449 10
433 476 2
434 435 8
434 450 4
434 451 3
435 436 11
435 451 10
436 437 11
436 451 10
437 438 3
437 452 4
438 452 3
439 466 4
440 453 11
440 467 5
440 441 5
440 466 9
441 453 8
441 442 3
442 454 9
442 486 7
442 443 9
443 486 11
443 444 6
444 470 6
444 471 7
444 486 6
444 455 10
445 446 11
445 456 6
446 457 6
446 458 3
447 458 2
447 459 10
447 448 4
448 460 2
448 449 6
449 461 10
450 462 9
450 451 5
451 452 3
451 463 2
452 464 2
452 479 5
453 454 7
453 485 3
454 468 3
454 486 7
455 471 9
455 456 11
455 490 9
456 457 10
456 472 2
457 472 5
457 458 4
458 459 6
458 493 3
458 473 3
459 460 8
459 473 9
459 474 10
459 494 6
460 461 10
460 474 6
461 474 8
462 463 10
462 476 11
462 477 2
463 479 9
463 478 7
463 515 2
463 477 11
464 480 5
464 479 10
464 465 8
465 482 6
465 481 2
466 483 7
466 484 11
466 467 5
467 485 9
467 484 7
468 469 3
468 485 2
468 486 5
469 486 3
470 487 4
470 471 3
470 486 6
471 488 10
471 489 3
471 490 3
472 492 8
472 491 7
472 493 4
472 490 9
473 493 3
473 494 7
474 495 4
474 475 2
474 512 3
474 513 10
474 544 2
475 495 2
475 476 6
476 477 5
476 496 6
477 478 10
477 497 3
477 498 8
477 496 10
478 515 4
479 480 2
479 499 8
479 515 3
480 481 5
480 500 8
481 482 5
481 501 7
482 535 11
483 484 9
483 536 2
484 502 2
484 485 3
484 503 3
485 486 3
485 503 6
486 487 7
486 504 5
486 505 9
486 506 2
487 488 9
487 507 2
488 489 4
488 507 4
489 508 3
490 508 3
490 491 3
491 526 8
491 492 11
491 509 3
491 508 7
492 509 3
492 493 5
493 509 6
493 494 4
494 512 2
494 510 7
494 511 11
495 513 10
495 496 7
496 531 2
496 532 7
496 514 9
496 498 2
496 497 9
497 498 7
498 515 3
499 500 5
499 516 10
499 515 7
500 501 3
500 517 11
501 535 5
502 518 11
502 536 2
502 503 5
503 504 7
503 519 4
503 518 11
503 538 11
503 554 11
503 537 4
504 505 4
504 520 10
505 506 8
505 521 11
506 507 5
506 521 9
507 523 10
507 522 8
507 508 8
508 525 6
508 524 9
509 510 3
509 527 3
509 528 8
510 511 3
510 529 10
511 512 7
512 569 6
512 529 6
512 543 3
512 544 4
512 528 11
512 557 11
513 514 4
513 530 10
514 530 9
515 516 9
515 549 2
515 532 3
516 517 3
516 549 11
517 533 10
517 535 5
518 537 7
518 536 6
519 520 5
519 538 2
520 539 6
520 521 5
521 539 3
521 522 11
521 579 5
522 523 6
522 540 3
522 579 3
522 555 9
523 524 2
524 540 9
524 525 10
525 526 5
525 541 10
525 556 5
526 527 9
526 542 5
527 528 2
527 543 4
528 529 6
530 545 3
530 558 7
530 531 4
530 544 11
531 546 9
531 532 4
532 547 5
532 546 4
532 549 2
532 548 7
533 534 9
533 551 9
533 549 3
534 561 4
534 535 2
535 552 7
536 553 8
536 537 7
537 553 9
538 539 9
538 564 9
538 554 9
538 578 10
538 579 6
539 579 11
540 541 8
540 555 6
541 556 6
541 555 9
542 543 4
542 556 10
542 567 3
543 557 7
544 558 4
544 569 5
545 559 5
545 546 7
546 547 8
546 588 8
546 573 8
546 560 3
546 572 11
546 559 5
546 605 11
547 560 4
547 548 7
548 590 3
548 574 7
548 551 10
548 589 11
548 549 10
548 560 11
549 550 2
550 551 4
551 561 7
551 574 8
551 575 5
552 562 5
552 561 11
553 563 11
553 577 5
553 554 11
554 564 3
555 580 4
555 579 8
555 556 11
555 581 8
555 565 3
556 566 4
556 567 7
557 569 5
557 584 2
557 568 3
557 633 3
557 601 6
557 583 6
557 602 5
557 567 4
558 570 2
558 571 7
558 559 11
559 572 10
560 573 10
561 562 5
561 592 10
562 576 11
563 564 10
563 578 10
564 578 10
565 566 6
565 582 10
565 581 2
565 599 8
566 582 3
566 567 10
567 568 10
567 653 5
567 601 3
567 600 8
567 583 4
567 582 2
568 583 8
569 570 6
569 584 8
569 586 9
569 585 7
570 571 7
570 587 4
571 572 6
571 605 8
572 605 7
573 588 11
573 589 5
574 591 11
574 575 11
575 591 5
575 643 2
575 592 9
576 593 8
576 592 10
577 594 5
577 578 5
578 594 9
578 579 4
578 595 9
579 580 5
579 597 9
579 596 7
579 598 4
580 581 4
580 599 2
581 599 2
582 600 9
583 601 5
584 585 10
584 602 9
585 586 7
585 603 6
586 604 6
586 587 4
587 604 9
587 621 11
587 605 5
588 607 11
588 589 2
588 605 9
588 639 11
589 590 3
589 608 11
590 591 8
590 609 7
591 609 8
592 593 11
592 643 5
592 624 3
592 644 6
594 611 2
594 610 4
594 595 11
595 611 4
595 647 9
595 596 7
595 612 10
595 626 7
595 625 3
596 597 8
596 613 2
597 614 7
597 598 8
598 615 4
598 630 7
598 599 2
599 617 5
599 600 10
599 631 11
599 616 8
600 618 4
601 633 2
602 603 4
602 619 8
603 604 3
603 620 3
604 621 7
605 622 3
605 606 8
605 639 3
606 622 9
606 639 3
607 608 7
607 639 8
608 609 2
609 642 9
609 641 3
609 640 10
609 643 9
609 639 7
610 611 7
610 625 4
612 613 5
612 626 10
613 614 9
613 627 3
614 615 8
614 628 10
615 629 4
615 630 5
616 630 11
616 652 8
616 631 8
617 618 10
617 632 9
617 631 8
618 653 9
619 634 3
619 633 5
619 620 6
620 621 10
620 634 11
621 655 8
621 634 11
621 622 9
621 635 10
622 623 2
622 636 9
622 635 2
623 637 11
623 639 2
624 645 7
625 646 11
626 627 5
626 647 8
627 628 4
627 648 2
628 629 8
628 649 10
629 650 7
629 630 5
630 651 5
631 652 10
631 632 7
632 652 2
632 653 6
633 654 9
633 634 6
633 653 5
635 656 11
635 655 6
635 636 2
636 637 3
637 638 11
637 657 10
637 656 4
638 657 11
638 639 5
639 657 9
639 640 6
639 658 9
640 658 5
640 641 4
641 642 10
641 659 11
641 658 8
642 659 4
642 643 3
643 659 7
643 644 11
644 645 2
644 659 8
646 647 6
647 648 7
648 649 10
649 650 6
650 651 6
651 652 10
653 654 8
655 656 2
