320 340 1523 8 131 553
1
2
6
7
9
10
14
15
16
17
19
23
27
30
31
37
40
43
44
45
47
51
53
54
55
56
57
58
59
60
62
64
65
66
69
72
75
77
78
79
83
86
87
90
93
96
97
99
100
102
105
106
107
108
109
111
112
113
114
115
118
119
120
122
123
124
125
126
127
129
131
138
139
144
147
148
150
153
161
162
164
166
168
169
170
172
173
174
175
179
180
181
184
185
186
188
189
190
192
196
198
201
203
204
206
207
210
211
213
217
219
221
222
225
227
228
229
231
232
233
234
238
240
243
245
246
249
251
253
255
257
265
266
267
269
270
271
273
275
276
277
279
280
283
284
285
288
292
293
295
296
297
302
304
309
310
311
314
316
317
319
320
324
325
326
328
329
330
332
333
334
335
338
340
345
346
351
354
355
358
359
360
366
368
369
371
373
379
382
383
385
386
387
388
394
396
402
405
406
407
408
410
411
414
415
417
418
419
420
421
422
423
425
426
428
430
431
432
433
437
438
441
445
448
450
453
456
457
458
460
461
462
464
469
474
475
477
480
481
487
488
491
494
499
500
502
504
509
511
513
514
515
517
518
519
520
522
523
528
530
531
535
536
537
539
542
545
546
549
551
552
553
554
555
560
562
563
568
570
572
579
581
583
584
587
588
591
592
593
595
596
597
598
600
602
603
604
607
609
610
615
616
622
623
624
626
628
629
632
636
637
638
639
640
642
644
646
647
649
652
0 25 3
0 1 7
0 12 9
1 13 8
1 2 3
1 12 6
2 27 11
3 14 7
3 16 10
3 15 3
3 30 10
3 27 3
4 19 11
4 18 7
4 75 5
4 5 9
5 21 11
5 20 10
5 6 7
5 34 10
6 36 4
7 23 2
7 37 8
7 36 5
8 24 5
8 23 11
8 9 5
9 53 8
9 41 4
9 39 7
9 10 8
9 24 5
10 11 6
10 41 8
11 41 9
12 13 5
12 26 8
12 43 4
12 27 5
13 27 9
14 15 3
14 28 9
14 27 10
15 29 9
16 75 4
17 31 5
17 75 4
18 19 8
18 33 11
18 75 7
19 20 4
19 34 5
20 34 11
21 35 9
21 36 2
22 37 5
22 51 10
22 36 7
23 24 8
23 37 2
24 38 3
25 26 4
26 70 6
26 71 4
26 57 4
26 56 4
26 43 11
27 44 9
27 59 7
27 43 8
28 29 5
28 59 2
29 30 6
29 45 9
30 45 6
30 75 11
31 32 3
31 75 3
32 33 10
32 46 7
32 75 3
33 34 2
33 62 11
34 48 9
34 47 3
34 66 3
34 35 8
34 50 2
34 49 4
35 36 8
36 51 3
36 50 3
37 38 9
37 52 4
37 51 8
38 39 6
38 52 8
39 53 2
39 104 4
40 68 5
40 55 10
40 54 11
40 41 5
41 42 6
41 55 10
41 54 3
42 55 9
43 44 6
43 57 4
43 58 2
44 59 8
44 58 3
45 73 5
45 60 9
45 59 9
45 74 8
46 61 9
46 62 7
46 75 6
47 48 8
47 63 6
47 62 3
48 49 2
48 64 3
49 65 9
50 66 6
50 51 10
51 101 3
51 52 2
51 100 8
51 66 6
52 101 4
52 104 2
53 67 10
53 54 11
53 104 9
54 85 6
55 69 7
55 68 3
56 70 4
57 71 11
57 58 11
58 72 5
58 89 7
58 90 4
58 71 4
58 59 8
59 72 11
60 75 5
60 112 8
61 77 5
61 62 2
61 75 7
62 77 2
62 95 9
62 78 8
62 63 5
63 64 5
63 78 4
64 65 11
64 79 8
65 80 5
65 66 6
66 82 7
66 81 8
67 85 5
67 104 6
68 85 4
68 86 8
68 69 2
68 87 10
69 88 4
70 71 3
71 89 4
71 120 11
72 73 6
72 91 4
72 107 6
72 90 2
73 92 11
73 74 8
74 92 10
74 110 10
74 112 8
75 76 7
75 112 8
76 77 8
76 93 7
77 94 8
78 79 3
78 96 11
79 80 2
79 114 3
80 97 8
80 81 11
81 98 3
81 82 5
81 99 6
82 100 7
83 84 9
83 102 11
83 101 5
84 103 7
84 104 11
85 86 6
85 106 11
85 104 7
86 87 5
87 88 7
87 131 5
87 106 3
89 90 4
89 121 6
90 107 8
90 121 10
91 92 3
91 108 9
92 109 4
93 94 2
93 112 11
94 95 6
94 126 9
95 96 11
95 113 2
96 113 5
96 114 5
97 98 2
97 115 2
97 114 8
98 115 4
98 99 10
99 116 8
99 100 11
99 115 4
99 129 7
100 116 8
100 101 6
100 129 6
101 102 10
101 117 3
101 104 8
102 103 5
102 118 2
103 119 10
103 104 9
104 105 2
104 119 7
105 119 10
105 106 9
106 146 2
106 131 2
106 119 6
107 108 3
107 121 2
108 109 4
108 122 8
109 110 7
109 123 8
110 111 7
110 124 8
111 125 11
111 112 6
112 125 10
112 126 4
113 127 10
113 128 8
113 126 4
113 114 10
114 115 4
114 141 4
114 128 11
115 170 9
115 172 3
116 129 5
117 118 4
117 130 3
117 129 5
118 119 6
118 130 6
119 130 10
119 145 11
119 160 2
120 149 8
120 121 9
120 133 5
121 134 2
121 149 9
121 122 10
122 123 8
122 135 2
123 124 8
123 136 2
124 137 8
124 125 8
125 126 4
125 138 7
126 127 7
126 139 2
127 128 8
127 139 8
128 140 6
129 130 11
129 142 7
129 172 7
129 143 9
130 144 2
130 174 2
131 146 2
131 148 10
131 132 11
132 148 5
133 163 8
133 162 8
133 149 8
134 135 8
134 150 10
135 136 5
135 151 7
136 137 4
136 152 10
137 153 11
137 138 6
138 155 5
138 139 9
138 154 10
139 155 4
139 140 2
139 182 4
139 156 11
139 169 4
140 141 8
140 157 9
141 158 2
141 170 5
142 143 7
142 172 4
143 174 2
144 145 6
144 174 9
145 175 2
145 160 6
145 174 11
146 147 7
146 177 5
146 160 2
147 161 8
147 148 8
148 161 8
148 178 10
148 190 9
149 163 7
149 150 9
149 164 11
149 165 8
150 151 3
150 166 4
151 152 2
151 196 3
152 153 5
152 167 6
153 154 11
153 198 4
154 155 4
154 168 11
155 182 11
156 157 3
156 169 6
157 158 5
157 186 2
158 170 5
158 186 7
159 171 9
159 170 4
159 172 5
160 177 7
160 176 8
161 177 7
161 190 11
162 163 11
162 179 4
163 180 7
163 164 11
163 179 5
164 165 2
164 181 3
165 166 2
165 181 3
166 195 10
166 181 3
166 196 6
167 198 10
167 196 3
168 182 10
168 198 4
169 184 10
169 185 8
169 182 10
169 186 7
170 205 11
170 171 8
170 172 6
170 186 2
171 172 9
171 187 3
172 187 6
172 242 2
172 174 5
173 207 6
173 242 6
173 174 7
174 207 4
174 210 8
174 175 8
174 209 8
174 188 7
175 176 8
175 188 11
176 189 8
176 177 8
177 189 8
177 190 7
178 215 10
178 190 6
179 180 9
179 191 6
179 216 11
180 192 9
180 181 7
181 193 11
181 194 3
182 183 10
182 200 10
182 198 4
183 184 2
183 200 5
184 185 11
184 201 7
185 202 10
185 186 3
186 204 7
186 205 3
186 203 4
187 205 6
187 227 10
187 206 11
187 242 3
188 211 3
188 189 2
189 212 7
189 213 4
189 190 11
190 214 2
190 215 9
191 192 3
191 217 6
191 216 5
192 193 7
192 218 6
193 194 7
193 218 2
194 195 7
194 219 3
195 220 4
195 196 10
196 198 6
196 220 10
196 197 7
197 220 9
197 198 2
198 199 5
198 220 9
199 221 11
199 200 5
200 201 11
200 222 5
201 202 10
201 223 9
202 203 10
202 224 5
203 204 9
203 241 2
204 205 4
204 241 2
205 206 2
205 225 11
206 226 7
207 208 7
207 228 3
207 242 10
208 209 7
208 229 11
209 210 10
209 230 7
210 211 10
210 231 8
211 212 3
211 260 4
212 213 9
212 232 6
213 214 10
214 261 8
214 232 8
214 246 7
214 245 2
214 233 9
215 233 3
216 217 6
216 278 2
217 248 6
217 218 3
218 235 3
218 219 4
218 234 10
219 236 2
219 220 9
220 238 9
220 236 8
220 221 10
220 237 4
221 222 3
221 239 6
222 223 7
222 240 9
222 239 10
223 224 5
223 240 11
224 241 4
225 241 4
225 226 11
225 256 2
225 255 10
226 256 10
226 227 6
227 256 3
227 257 11
227 242 9
228 229 8
228 243 4
228 242 3
229 230 5
229 244 8
230 258 5
230 231 8
231 259 4
231 258 9
231 260 2
232 260 8
232 261 5
233 247 4
234 235 10
234 248 3
235 236 6
235 248 11
236 237 11
236 249 7
236 264 11
237 238 4
237 250 10
238 251 4
238 239 6
238 250 4
239 252 9
239 267 4
239 240 4
240 267 2
240 241 11
241 253 7
241 254 5
242 273 6
242 243 2
243 294 7
243 313 7
243 244 6
243 274 11
243 273 6
243 258 3
243 275 6
244 258 2
245 262 2
245 261 7
245 246 8
246 262 5
246 277 7
246 247 4
247 277 9
248 263 11
248 280 5
248 249 6
248 278 8
249 264 11
250 266 3
250 265 10
250 251 9
250 264 10
251 252 2
251 266 8
251 285 4
252 285 8
252 267 7
253 268 11
253 267 6
253 254 4
254 255 10
254 269 8
254 270 2
255 271 4
255 270 6
255 256 11
255 291 3
256 257 11
256 271 3
257 272 2
257 273 3
258 259 6
258 274 10
258 275 4
259 260 2
259 275 5
260 276 10
260 261 4
261 262 6
261 296 11
262 277 8
263 281 4
263 264 4
263 280 5
264 283 9
264 282 2
264 265 6
265 304 8
265 284 7
265 266 6
265 283 9
266 284 3
267 288 11
267 285 7
267 268 11
267 287 8
268 269 9
268 289 11
269 270 7
269 290 2
270 291 10
271 272 10
271 292 10
272 293 11
272 273 10
273 294 9
274 275 5
275 276 6
275 314 7
276 295 8
276 296 7
277 297 7
277 298 7
277 317 8
277 296 9
278 299 10
278 280 11
278 279 6
279 300 11
279 280 7
280 281 6
280 301 4
281 282 5
281 301 5
282 283 9
282 302 6
283 303 8
284 305 5
284 285 9
285 306 11
285 286 11
285 323 8
286 307 8
286 287 3
287 288 4
287 307 10
287 326 2
287 325 8
288 289 4
288 326 3
289 308 6
289 290 6
290 308 9
290 309 3
290 328 6
290 291 7
291 292 5
291 309 4
291 310 5
292 293 10
292 311 10
293 294 2
293 312 10
294 332 3
295 315 2
295 296 4
295 314 4
296 316 7
297 298 2
297 318 2
298 319 3
299 300 6
299 337 6
300 301 2
300 320 7
301 302 6
301 339 6
301 320 2
302 303 9
303 304 11
303 339 9
303 321 6
303 340 2
304 305 11
304 321 5
305 322 11
305 323 11
306 307 6
306 324 11
306 323 4
307 325 10
308 327 9
308 326 8
309 310 4
309 329 7
310 311 11
310 329 4
311 312 7
311 330 2
312 331 10
312 332 5
313 333 11
313 332 4
313 314 3
314 315 8
314 335 7
314 334 10
315 353 7
315 335 9
315 351 11
315 352 8
315 316 4
316 317 8
316 353 2
316 354 9
317 318 10
317 336 5
317 355 3
317 354 11
317 375 3
318 336 9
318 319 7
319 336 5
319 376 11
320 338 6
320 339 9
320 337 8
321 361 8
321 341 9
321 322 5
321 340 6
322 341 11
322 323 9
323 324 8
323 363 3
324 342 2
324 325 4
325 342 2
325 365 9
325 343 6
325 326 3
326 327 6
326 344 3
327 328 5
327 366 2
328 345 5
328 329 8
329 367 5
329 330 9
329 345 7
329 346 3
330 331 8
330 347 4
331 332 7
331 347 11
332 348 2
332 333 11
333 334 4
333 349 8
334 335 2
334 371 8
335 350 2
336 355 9
337 338 11
337 356 9
338 357 5
338 339 2
339 358 3
339 359 7
339 377 3
339 340 7
340 360 3
340 359 2
341 362 7
341 363 10
342 364 5
342 363 5
343 383 10
343 344 6
344 383 10
344 400 8
344 366 11
345 366 11
345 367 10
346 368 11
346 347 11
347 369 9
347 368 5
347 348 9
348 349 7
348 370 4
349 387 8
349 371 5
350 351 3
350 372 5
350 371 8
351 352 4
351 373 11
352 374 5
352 353 2
353 374 2
353 389 2
353 354 6
354 389 2
355 375 5
355 376 6
356 357 6
356 392 8
357 358 8
357 392 11
358 392 10
359 360 8
359 378 10
360 361 10
360 378 10
361 362 3
361 379 7
362 380 11
362 363 7
363 380 5
363 364 5
364 365 3
364 381 11
365 382 3
365 383 9
366 401 3
366 367 4
367 368 10
367 384 5
367 402 11
368 386 5
368 369 6
368 385 7
369 370 8
369 386 4
369 404 4
370 387 4
370 404 3
371 387 10
371 388 9
371 372 2
372 373 6
372 406 11
373 374 3
373 406 3
374 408 2
374 389 10
374 406 2
374 407 3
375 389 4
375 390 2
375 391 5
375 376 3
376 391 2
377 393 3
377 378 4
377 392 3
378 427 10
378 379 4
378 394 7
379 395 8
379 380 5
380 395 11
380 381 11
380 396 3
381 382 3
381 397 3
382 383 3
382 398 2
383 400 10
383 399 9
384 401 2
384 402 6
385 417 3
385 386 7
385 403 10
385 402 2
386 403 2
387 421 11
387 388 9
387 404 7
388 405 8
388 406 7
389 408 4
389 390 8
390 409 8
390 391 5
391 411 4
391 410 2
392 458 2
392 412 4
392 413 11
392 426 8
393 413 4
393 427 2
394 395 10
394 414 6
394 427 3
395 415 8
395 396 6
395 414 5
396 397 7
396 398 6
397 398 11
398 415 2
398 430 8
398 399 4
399 416 9
399 432 3
399 450 5
399 431 10
399 449 6
399 486 10
399 465 6
399 400 3
399 466 7
400 401 9
401 417 8
401 416 2
401 402 5
402 417 3
403 418 7
403 404 6
404 421 2
404 419 5
404 420 6
405 421 8
405 406 3
405 422 7
406 407 6
406 422 7
407 438 3
407 408 6
407 439 11
407 455 11
407 423 11
407 422 9
408 409 5
408 423 10
408 424 10
409 410 6
409 424 7
410 411 11
410 425 4
411 425 2
412 426 5
412 413 5
413 426 9
413 427 4
414 415 11
414 428 9
414 429 9
414 427 3
415 429 6
416 432 3
416 417 9
417 432 5
417 434 10
417 418 5
417 433 11
417 467 5
418 419 2
418 435 6
419 489 4
419 420 6
420 470 2
420 421 6
420 454 8
420 436 3
420 489 2
421 436 7
421 422 9
422 438 2
422 437 10
423 440 4
423 424 4
424 456 7
424 440 3
424 441 9
424 425 4
425 442 7
425 443 10
426 427 9
426 458 3
426 498 8
427 444 3
427 445 3
428 429 3
428 445 4
429 446 5
429 430 3
429 445 3
430 447 4
430 431 7
430 449 3
430 448 6
432 450 4
433 434 5
433 451 7
434 435 4
434 452 6
435 453 6
435 489 3
436 437 6
437 438 6
437 454 11
438 455 11
439 440 4
439 455 6
440 475 2
441 442 6
441 457 6
442 443 7
442 457 5
443 457 9
444 459 2
444 498 9
444 445 10
445 461 8
445 446 6
445 460 3
445 462 4
446 447 2
446 463 6
447 448 7
447 463 4
448 449 6
448 464 4
449 465 8
450 467 2
450 466 7
451 452 4
451 467 6
452 453 11
452 468 7
453 489 7
453 469 7
454 471 10
454 455 6
455 475 6
455 474 7
455 472 6
455 473 8
456 475 9
456 457 5
457 477 10
457 478 3
457 476 8
458 498 4
459 460 2
459 480 3
459 498 5
460 461 4
460 481 4
461 462 2
461 482 9
462 483 10
462 463 6
463 483 6
463 464 10
463 503 11
464 465 9
464 484 4
465 485 11
466 467 2
466 486 2
466 506 3
466 487 9
467 468 4
467 507 7
468 488 4
468 469 6
469 488 11
469 489 11
469 507 7
470 491 5
470 471 5
470 489 11
471 509 3
471 491 6
471 472 7
471 492 10
472 473 8
472 492 9
473 474 6
473 493 8
474 475 5
474 493 5
475 495 6
475 494 8
475 476 3
476 477 8
476 496 9
477 478 6
477 497 8
478 497 5
479 480 2
479 498 10
480 481 10
480 499 7
481 482 6
481 500 3
482 501 4
482 483 4
483 502 7
483 503 10
484 485 6
484 503 5
485 486 9
485 504 7
486 505 5
487 507 4
488 507 5
489 490 11
489 508 4
489 507 10
489 524 7
490 491 7
490 508 2
491 508 4
492 510 2
492 493 8
493 494 5
493 527 5
494 495 7
494 511 9
495 496 6
495 511 4
496 512 10
496 497 5
497 513 6
497 514 9
498 499 11
498 515 9
498 516 6
498 545 7
499 500 2
499 516 10
500 517 11
500 501 9
501 518 3
501 517 2
501 502 6
501 546 3
502 518 11
502 503 10
503 532 5
503 531 8
503 504 5
503 530 2
503 518 3
503 519 4
504 505 10
505 506 4
505 519 6
506 519 8
506 507 5
507 520 7
507 523 9
507 537 6
507 521 5
507 522 2
507 524 9
508 509 4
508 524 2
509 510 7
509 525 3
510 525 3
510 527 8
511 512 9
511 527 5
511 542 3
511 528 6
512 513 11
512 528 6
513 528 11
513 514 10
514 528 6
514 558 9
514 572 8
514 544 11
515 516 10
515 545 4
516 517 7
516 529 7
517 529 11
518 530 10
519 520 11
519 533 3
520 533 9
520 521 5
520 534 2
520 566 8
520 565 7
521 522 5
521 534 9
522 523 8
522 535 10
523 536 5
524 525 2
524 553 6
524 538 2
525 539 2
525 526 6
525 600 7
526 540 9
526 527 10
527 541 5
527 542 10
528 543 3
528 542 3
528 544 4
529 562 3
529 563 5
529 546 8
529 545 4
530 531 6
530 546 7
531 547 5
531 532 6
532 533 7
532 549 4
532 548 3
533 550 10
533 577 11
534 535 7
534 566 10
535 536 10
535 551 10
536 537 7
536 552 4
537 553 8
538 553 5
538 600 3
538 554 3
539 540 11
539 600 6
539 555 2
540 541 11
540 555 2
541 556 11
541 542 6
542 543 11
542 571 10
542 556 9
542 557 7
543 544 6
543 557 9
544 558 10
545 560 8
545 559 3
545 561 11
546 563 2
546 547 10
547 548 10
547 564 7
548 549 4
548 564 7
548 577 9
549 550 9
549 577 10
550 577 8
551 552 3
551 567 3
551 566 9
552 568 6
552 553 8
553 554 3
553 569 6
554 600 4
554 569 6
554 617 2
555 556 8
555 570 4
555 600 3
556 601 10
557 558 6
558 586 10
558 622 4
558 571 9
558 572 5
558 587 5
559 560 5
559 573 9
560 561 9
560 574 7
561 562 7
561 574 2
562 563 10
562 575 11
563 576 5
563 564 2
563 575 4
564 576 3
564 593 4
564 592 6
564 577 10
565 566 11
565 579 5
565 595 8
565 613 9
565 596 10
565 580 9
565 577 5
566 567 5
566 580 7
567 568 11
567 581 5
568 569 9
568 582 9
569 582 11
570 584 4
570 600 7
570 583 5
570 601 11
571 585 5
571 601 7
572 588 3
573 574 6
573 608 9
574 608 6
574 575 2
575 609 6
575 576 10
575 591 3
575 589 6
575 590 6
576 591 4
576 592 4
576 610 8
577 578 7
577 593 4
577 579 6
578 579 6
578 594 3
579 595 4
580 581 10
580 596 4
581 597 3
581 582 8
582 597 3
582 598 9
582 617 4
583 584 4
583 600 11
583 619 11
584 601 8
584 619 6
585 586 4
585 602 2
585 601 11
586 603 10
587 588 2
587 604 10
588 605 11
589 627 3
589 608 11
590 591 4
590 628 9
591 610 4
592 593 9
592 610 5
593 594 6
593 611 5
594 595 4
594 612 9
595 612 10
596 597 11
596 614 5
597 598 6
597 615 4
597 614 10
598 599 6
598 615 8
598 616 7
599 637 8
599 617 4
600 618 9
600 619 6
600 617 9
601 602 7
601 620 7
601 619 6
602 603 7
602 621 6
603 622 11
604 605 6
604 623 10
604 622 11
605 624 11
606 607 8
606 625 8
606 608 8
607 608 9
607 626 4
608 627 5
608 626 11
609 627 3
609 646 10
609 628 10
610 611 10
610 647 9
610 630 11
610 628 11
610 629 7
611 631 3
611 630 11
611 612 5
612 632 7
612 613 2
612 633 6
613 634 7
613 614 8
614 615 9
614 634 10
614 650 11
614 635 8
615 636 11
615 653 6
615 616 4
616 637 4
616 653 9
616 654 6
617 618 10
617 637 9
617 638 2
618 639 9
618 638 7
618 656 11
618 619 11
619 640 9
619 620 9
619 639 3
620 621 4
620 640 2
621 641 6
621 622 7
622 642 7
622 623 4
622 657 4
622 658 11
622 643 10
623 624 10
624 643 2
625 644 10
625 626 6
626 645 3
626 627 2
626 644 5
627 645 6
627 646 5
628 646 5
628 629 5
629 646 7
629 647 6
630 631 7
630 648 10
631 632 4
631 648 2
632 633 2
632 648 6
633 634 10
633 649 7
633 648 5
634 649 2
635 636 3
635 651 7
636 652 3
636 653 10
637 655 4
637 638 7
638 655 4
638 656 3
639 656 9
639 640 11
640 656 9
640 642 9
640 641 9
641 642 9
642 657 9
643 659 10
645 646 4
647 648 11
649 650 11
650 651 4
651 652 4
652 653 10
653 654 11
654 655 8
657 658 3
658 659 2
