316 344 1527 8 105 512
0
2
7
9
10
12
13
18
20
21
23
27
28
32
35
38
40
44
45
46
47
54
58
59
60
62
63
64
65
66
67
69
70
71
72
73
74
75
78
79
80
81
82
83
87
91
92
94
95
96
100
101
103
105
110
111
113
114
119
120
121
122
123
124
125
127
128
130
133
134
135
137
138
141
145
148
149
152
153
155
160
161
163
164
165
166
167
170
171
174
175
177
178
181
183
184
185
186
187
189
196
199
200
204
208
209
213
214
215
216
224
226
228
229
230
231
233
236
238
242
244
246
248
250
251
254
255
256
258
259
260
263
264
265
268
271
274
275
278
279
280
281
285
286
287
288
290
292
293
294
297
298
299
301
302
303
309
311
312
313
314
318
320
322
324
326
327
328
329
330
334
337
338
339
340
341
343
344
346
348
349
350
353
356
357
362
368
369
373
375
378
379
380
382
383
385
388
391
392
393
395
398
399
402
403
408
409
410
412
414
415
421
424
427
428
431
432
433
435
436
437
439
444
445
446
447
450
454
455
456
460
464
469
470
471
473
475
480
481
486
487
488
490
499
500
502
503
505
506
509
511
512
513
517
522
523
526
531
532
533
534
536
537
540
541
546
547
553
555
558
560
561
562
563
566
567
569
570
571
573
575
578
580
581
585
587
589
590
593
596
597
600
602
608
610
613
619
620
627
630
631
632
633
634
635
638
639
640
644
645
650
652
653
654
657
658
0 14 6
0 15 9
1 2 11
1 17 10
1 16 10
2 3 5
2 18 8
3 4 10
3 18 6
4 19 10
4 20 10
5 21 6
5 6 6
5 22 8
5 20 6
6 24 11
6 7 5
6 57 5
6 23 4
6 22 8
6 41 5
7 25 2
7 45 7
7 8 3
8 45 11
9 26 9
9 27 4
9 10 3
9 45 6
10 11 3
10 28 8
11 29 7
11 30 6
12 13 4
12 29 6
12 30 11
13 31 8
13 32 2
14 33 4
14 15 11
15 16 8
15 34 3
16 17 5
16 35 4
17 36 6
17 18 6
18 19 7
18 37 4
18 38 7
19 20 6
19 38 10
20 71 3
20 21 10
21 39 11
21 22 5
22 72 2
22 40 6
22 57 10
22 56 8
23 24 10
23 42 9
23 41 7
24 25 5
24 43 5
25 44 11
25 45 4
26 27 7
26 45 3
26 62 4
27 28 3
27 62 9
28 46 11
28 30 3
29 30 6
30 47 8
30 31 3
30 65 5
30 46 4
30 66 3
30 64 11
31 32 10
31 48 11
32 67 4
32 48 2
32 82 6
33 34 6
33 49 7
34 35 6
34 50 10
35 36 8
35 51 8
36 37 3
36 52 3
37 53 11
37 38 2
38 54 5
38 71 9
38 55 4
39 40 8
39 71 9
40 56 2
41 57 10
41 73 2
41 42 8
42 43 2
42 73 10
43 44 5
43 58 9
44 59 8
44 45 4
45 60 8
45 61 3
45 76 3
45 62 5
46 63 7
46 62 7
47 81 6
47 66 9
47 48 10
48 67 2
48 81 4
48 106 2
48 94 7
48 95 3
48 82 9
49 50 7
49 68 9
50 51 9
50 68 4
51 52 7
52 68 4
52 69 11
52 84 8
52 53 6
52 98 11
53 54 7
54 55 9
54 69 7
55 70 4
55 71 6
56 72 11
56 71 2
56 86 11
57 73 2
58 59 11
58 73 6
58 89 10
59 60 10
59 74 11
60 75 5
61 91 3
61 90 3
61 77 8
61 76 8
62 63 2
62 77 9
62 78 10
63 64 3
63 78 7
64 65 10
64 79 9
65 66 11
65 92 9
66 80 9
67 82 6
68 83 5
68 97 9
69 70 7
69 85 5
70 71 3
70 127 9
71 86 2
71 127 9
72 87 2
72 73 5
73 88 6
73 89 9
73 130 6
74 101 7
74 75 6
74 89 9
75 101 4
75 76 10
75 102 11
76 102 9
77 78 2
78 92 3
78 91 2
78 79 4
78 118 10
78 104 7
78 105 7
79 92 8
80 81 8
80 93 11
80 92 7
81 94 11
82 107 9
82 95 3
83 96 2
83 97 6
84 97 11
84 98 7
85 99 9
85 127 10
85 98 3
86 112 9
86 111 2
86 87 3
86 129 5
86 127 3
87 88 5
87 112 6
88 112 11
88 130 5
89 101 8
89 130 6
90 91 5
90 102 9
90 133 5
91 103 10
92 93 6
92 120 4
92 105 9
93 94 6
93 120 6
94 106 6
95 123 9
96 97 11
96 139 3
97 98 2
97 108 7
98 109 11
98 99 3
98 190 6
98 108 3
99 100 2
99 110 2
100 127 6
100 110 7
101 116 3
101 102 9
101 130 2
102 132 2
102 117 6
102 133 8
103 104 7
103 133 5
104 118 4
105 120 7
105 118 4
105 136 4
106 122 9
106 121 10
106 123 2
106 120 5
107 123 10
107 138 10
108 124 7
108 140 6
108 190 4
108 139 6
109 125 4
109 110 7
109 190 4
110 127 3
110 126 2
111 128 6
111 127 2
112 113 2
112 129 2
112 130 10
113 146 6
113 114 3
113 129 6
113 178 10
114 115 9
114 178 3
114 130 10
115 130 4
116 117 8
116 131 7
116 130 5
117 149 10
118 134 3
118 135 9
118 152 8
118 136 5
118 133 4
119 136 4
119 120 10
120 121 11
120 154 10
121 122 3
121 154 9
122 137 4
122 123 11
123 138 10
124 140 2
124 190 3
125 141 5
125 126 8
125 190 6
126 158 2
126 141 11
126 142 2
126 127 8
127 128 6
127 142 7
127 143 4
128 129 11
128 143 3
129 145 11
129 144 10
130 178 7
130 162 8
130 147 10
130 131 7
131 148 8
131 149 11
132 149 5
132 133 5
133 134 5
133 150 7
134 135 8
134 151 2
135 151 9
136 153 9
136 169 2
136 154 2
137 155 4
137 138 3
137 154 8
138 155 7
138 172 5
138 206 6
139 156 5
139 140 11
140 157 7
140 190 3
141 158 8
141 173 11
141 190 9
142 158 6
142 143 3
143 159 11
143 160 3
143 144 5
144 145 5
144 176 4
145 146 10
145 161 6
146 161 10
146 178 5
147 148 9
147 163 2
147 162 3
148 164 5
148 149 6
149 165 11
149 150 6
150 166 2
150 151 6
150 215 5
151 167 8
151 168 4
151 152 6
152 168 11
152 169 5
153 170 6
153 169 8
153 154 7
154 188 5
154 155 5
154 171 6
155 188 6
156 207 5
156 157 8
156 190 2
157 190 9
158 174 6
158 175 9
158 159 4
159 160 11
159 175 11
159 176 11
159 193 9
160 176 4
161 177 5
161 178 2
161 176 6
162 163 9
162 178 3
163 164 10
163 179 8
164 180 10
164 165 8
165 182 4
165 166 9
165 181 10
166 215 2
166 199 10
167 168 7
167 215 3
167 216 6
168 184 5
168 183 8
168 169 5
169 170 7
169 184 6
169 201 3
169 185 2
170 171 11
170 185 9
171 186 5
171 188 9
172 189 3
172 206 5
172 188 9
173 174 6
173 191 8
173 190 2
173 192 4
174 175 10
174 192 2
175 193 3
176 177 8
176 194 8
176 193 2
177 195 5
177 196 4
177 178 11
178 197 5
178 179 5
179 180 7
179 198 5
180 181 5
180 214 10
181 182 7
181 214 3
182 214 10
182 199 6
183 200 8
183 184 6
183 216 10
184 201 4
184 200 7
184 217 2
185 186 9
185 202 2
186 203 5
186 187 5
187 188 4
187 204 4
187 249 10
187 203 10
187 219 9
187 220 9
187 267 2
188 189 8
188 204 7
189 205 4
189 206 7
190 191 8
190 223 2
191 208 2
191 223 8
192 239 3
192 224 3
192 238 9
192 225 9
192 208 11
192 193 3
193 209 10
193 194 8
194 195 7
194 210 4
195 196 11
195 211 11
196 211 4
196 197 2
197 198 9
197 212 11
198 214 6
198 213 11
199 215 10
199 214 10
200 217 7
200 216 10
201 202 4
201 218 7
202 203 8
202 218 3
203 219 10
204 205 6
204 220 11
205 221 10
205 206 8
206 221 4
207 222 4
207 223 5
208 224 9
208 223 3
209 210 6
209 225 2
210 211 10
210 226 10
211 227 9
211 212 11
211 226 8
212 261 6
212 227 10
212 213 8
213 276 2
213 292 9
213 228 7
213 261 8
213 275 6
213 262 8
213 214 4
213 242 4
213 306 9
214 215 5
214 228 6
214 229 9
215 231 7
215 230 11
215 216 10
215 246 7
216 217 10
216 246 11
217 232 11
217 218 5
217 246 5
218 219 10
219 232 9
219 248 9
219 247 4
219 267 7
220 249 11
220 221 11
220 233 8
221 233 5
221 234 3
222 235 5
222 223 8
223 224 8
223 253 4
223 236 9
224 237 5
224 255 7
225 239 4
225 258 6
225 240 7
225 226 2
226 259 9
226 261 4
226 227 9
226 241 2
226 260 6
228 229 11
228 243 7
229 230 7
229 244 6
230 231 4
230 245 4
231 264 5
231 246 8
232 246 11
233 234 11
233 250 10
234 251 7
235 236 5
235 252 10
236 253 5
237 253 5
237 255 4
237 254 5
238 239 10
238 256 2
238 255 4
239 257 4
240 241 3
241 273 10
241 258 4
241 259 5
241 274 9
242 243 11
242 262 8
243 244 11
243 262 7
244 245 6
244 263 9
245 264 5
246 266 4
246 247 8
246 265 8
247 248 5
247 266 5
247 313 11
247 267 8
248 267 7
249 250 10
249 267 9
250 251 2
250 268 11
251 268 3
252 269 2
252 253 11
253 269 11
253 270 4
253 254 10
254 271 9
254 270 5
254 255 8
254 285 7
255 271 5
255 256 6
256 257 3
256 272 2
257 258 7
258 304 9
258 273 9
258 288 6
258 289 11
258 272 4
259 260 6
259 274 4
260 261 2
260 275 3
260 291 3
260 274 9
261 275 2
262 276 5
262 263 5
263 293 10
263 276 8
263 264 6
263 277 9
264 277 9
264 265 4
264 278 5
265 266 3
265 279 7
266 280 4
266 279 7
267 268 9
267 313 11
267 282 6
267 281 2
267 300 4
268 301 2
268 282 5
269 283 7
269 270 4
269 302 5
270 284 6
271 272 4
271 286 8
272 287 2
273 289 2
273 274 6
274 290 6
274 289 9
275 325 11
276 306 8
277 278 5
277 294 8
278 295 6
278 279 7
279 296 10
279 297 6
279 331 8
279 280 8
280 297 6
280 313 8
281 282 11
281 300 3
282 301 3
282 300 2
283 284 11
283 302 6
283 318 7
284 285 9
285 319 3
285 286 6
285 303 8
285 318 5
285 320 5
286 287 2
287 288 8
287 303 4
288 320 8
289 290 5
289 323 11
290 291 11
290 305 8
291 305 6
291 325 4
292 306 3
292 325 10
293 308 5
293 294 8
293 306 9
294 308 8
294 295 6
294 309 11
294 330 6
295 296 2
295 309 7
296 310 10
297 298 10
297 311 11
298 299 8
298 313 2
298 367 8
299 312 11
299 313 11
300 314 10
300 313 2
300 350 7
300 301 6
300 315 11
301 316 7
301 351 6
302 317 6
302 318 8
303 321 2
303 320 2
304 322 9
304 323 4
304 320 8
305 324 3
305 323 7
305 325 2
306 307 10
306 326 4
306 327 10
306 325 2
307 308 5
307 328 5
308 329 2
309 310 7
309 330 5
310 331 10
310 365 8
311 366 3
311 331 5
311 347 10
311 405 8
311 367 11
312 332 10
312 313 11
312 367 2
313 314 2
313 333 4
314 315 8
314 349 6
315 350 9
317 334 8
317 318 3
318 319 7
318 335 11
319 335 10
319 320 9
320 356 4
320 337 5
320 321 2
320 336 11
320 322 11
320 357 11
322 337 4
322 323 7
323 338 8
323 360 10
324 339 7
324 360 5
324 325 9
325 341 3
325 326 2
325 340 11
326 327 5
326 342 3
327 343 8
327 328 8
328 329 10
328 344 11
328 343 2
328 363 8
329 344 6
329 330 7
330 346 6
330 345 7
330 365 5
331 347 5
331 365 10
332 333 5
332 367 4
333 348 6
333 349 2
334 352 8
334 335 10
335 353 2
335 354 9
335 336 10
336 355 11
337 338 6
337 358 8
338 359 7
338 360 8
339 340 7
339 360 8
340 341 6
340 361 2
341 342 6
341 362 7
342 399 4
342 381 4
342 343 4
342 363 4
342 362 11
344 345 3
344 364 11
345 346 2
345 364 8
346 384 8
346 364 7
346 365 10
347 366 4
347 365 2
348 368 6
348 349 7
348 367 5
349 369 8
349 350 5
349 368 7
349 388 7
350 369 4
350 351 6
350 370 4
351 371 5
351 372 2
352 390 10
352 353 4
352 373 8
353 354 6
353 373 9
354 355 3
354 374 8
355 375 3
355 356 4
356 393 7
356 376 10
356 375 2
356 357 10
357 377 4
357 376 10
357 358 11
358 359 4
358 394 6
359 360 8
359 378 11
360 379 2
360 361 4
360 378 5
361 380 11
361 362 11
362 399 10
362 380 9
362 398 5
363 364 5
363 382 2
364 383 4
364 382 8
365 366 11
365 385 4
366 386 7
367 387 6
367 368 9
367 405 6
367 406 11
367 424 4
368 387 10
369 370 8
370 371 5
370 389 7
370 408 8
370 388 7
370 407 4
371 389 10
371 372 9
372 389 5
372 409 7
373 411 6
373 390 7
373 374 4
373 391 11
374 375 3
374 391 11
375 392 4
376 377 5
376 394 7
377 394 3
378 379 7
378 395 9
378 396 2
378 394 8
379 380 8
379 397 2
380 398 4
381 400 11
381 399 5
381 382 5
382 400 3
382 401 2
382 383 9
383 384 11
383 402 5
384 385 5
384 403 7
385 386 8
385 403 7
386 405 11
386 404 3
387 388 4
387 406 10
388 424 4
389 409 7
390 410 11
391 392 8
391 412 4
392 393 11
392 412 9
393 430 11
393 394 3
394 395 6
394 415 3
394 414 6
394 413 3
395 396 11
395 416 2
396 397 6
396 417 11
397 418 11
397 398 4
398 399 4
398 433 8
398 434 10
399 419 5
399 400 10
400 420 5
401 402 6
401 436 6
401 420 6
401 421 3
401 437 7
402 421 2
402 403 3
403 423 8
403 422 2
403 404 8
404 456 3
404 457 11
404 423 3
404 405 8
404 424 7
405 424 8
406 424 3
407 459 3
407 441 11
407 425 2
407 458 3
407 408 6
407 424 6
407 472 11
408 409 10
408 425 3
409 442 4
409 425 11
410 411 4
410 426 5
411 427 9
411 412 9
412 429 10
412 428 6
412 430 5
413 414 11
413 430 5
414 448 5
414 415 5
414 431 4
414 430 10
414 449 7
415 416 7
416 417 11
416 431 9
417 418 10
417 432 5
418 450 8
418 433 8
419 420 2
419 435 9
419 434 8
420 435 11
421 422 6
421 438 9
422 423 9
422 439 4
423 439 9
424 441 9
424 440 7
425 442 5
425 472 11
426 427 9
426 443 8
427 428 8
427 444 3
428 429 7
428 445 9
429 430 7
429 446 7
430 447 3
430 446 8
431 466 4
431 432 2
431 467 6
431 449 4
432 467 4
432 450 4
433 450 11
433 467 7
433 434 3
434 435 2
434 451 8
434 481 8
434 482 2
434 467 3
435 436 6
435 451 2
436 437 3
436 452 8
437 438 2
437 451 4
438 453 6
438 439 11
439 454 3
439 455 2
439 456 5
440 441 10
440 457 2
441 469 10
442 460 5
443 444 4
443 461 3
444 445 8
444 462 7
445 463 8
445 446 9
446 464 8
446 463 8
446 476 6
446 495 9
446 447 11
446 494 9
447 448 3
447 464 5
448 465 6
448 449 3
449 466 4
449 465 3
449 477 6
450 467 5
451 468 5
451 482 9
451 453 8
451 483 11
451 499 4
451 452 3
451 514 11
453 454 5
453 468 3
454 455 4
454 500 9
455 456 11
455 500 2
456 457 10
456 500 5
457 469 5
457 485 10
458 459 5
458 471 4
458 470 4
458 469 8
459 489 7
459 472 4
460 474 6
460 472 7
461 462 3
461 475 2
462 463 10
462 476 8
463 476 4
464 465 4
464 495 9
465 477 7
466 478 10
466 467 6
467 480 3
467 479 2
468 484 11
468 500 8
469 486 5
469 470 7
469 487 3
469 485 8
470 471 6
470 503 5
471 488 2
471 489 9
472 489 4
472 490 9
472 473 5
473 474 2
473 491 9
474 491 10
475 507 7
475 476 7
476 492 7
476 493 2
476 494 9
477 563 5
477 564 9
477 496 6
477 527 7
477 497 10
477 478 6
477 546 8
477 526 7
477 495 3
477 510 5
478 497 5
478 479 8
479 497 4
479 511 6
479 480 9
479 512 9
480 481 10
480 530 2
480 498 10
480 512 5
481 482 6
482 499 3
482 498 2
483 515 6
483 484 11
483 534 6
484 534 7
485 486 7
485 517 7
485 501 7
485 500 7
486 487 9
486 518 10
487 502 6
487 503 9
488 489 3
488 504 3
488 503 11
489 490 8
489 504 5
490 505 4
490 491 4
491 506 9
491 522 3
492 493 11
492 507 11
492 508 10
493 494 10
493 509 6
494 495 3
495 509 4
495 526 7
495 524 6
495 525 9
495 496 10
497 510 5
498 499 10
498 530 3
499 513 11
500 516 10
500 534 10
501 518 10
501 517 9
502 518 2
502 503 6
502 519 6
503 504 4
503 519 3
504 521 9
504 505 7
504 520 2
505 540 10
505 522 10
506 523 5
506 522 7
507 560 9
507 508 11
508 509 2
508 561 10
508 560 4
508 543 9
509 524 5
509 543 10
510 511 9
510 527 2
511 512 6
511 527 11
512 528 8
512 530 3
512 529 3
513 514 2
513 531 5
513 530 9
514 532 2
514 515 2
515 534 11
515 533 9
516 535 6
516 534 9
516 517 10
517 537 4
517 518 11
517 536 11
517 555 7
518 537 2
518 519 9
519 538 10
519 556 4
519 520 2
520 521 8
520 538 8
521 539 5
521 540 7
522 541 6
522 540 7
522 523 4
523 542 8
524 525 5
524 544 5
525 526 10
525 545 4
526 546 2
527 547 3
527 548 6
527 528 6
528 548 4
528 529 3
529 549 4
529 548 10
529 565 5
530 531 10
530 549 4
530 550 7
531 551 8
531 532 2
532 551 3
532 552 2
532 580 4
532 533 2
533 552 5
533 553 6
533 534 2
534 554 10
534 535 3
535 536 3
535 568 6
536 555 7
537 556 10
537 555 6
538 557 11
538 558 2
538 539 7
538 556 8
539 540 9
539 558 9
540 541 7
540 559 4
541 542 10
541 559 5
542 559 4
543 561 11
543 544 9
544 545 9
544 592 3
544 561 3
544 574 9
544 562 11
544 573 5
545 546 8
545 562 11
546 562 2
547 548 4
547 578 6
547 577 11
547 564 11
548 578 11
549 550 2
549 566 2
550 551 2
550 566 9
551 580 7
552 553 11
552 580 9
553 554 7
553 567 3
554 568 3
554 567 7
555 569 2
555 585 6
555 568 6
555 556 5
555 570 8
556 557 11
556 585 9
557 558 10
557 587 5
558 559 2
558 588 4
558 571 4
558 587 8
559 571 4
560 561 11
560 572 10
561 573 8
561 572 10
562 563 6
562 575 3
562 574 4
563 576 7
563 564 10
564 577 3
565 578 3
565 566 11
565 598 9
566 580 3
566 598 8
567 568 4
567 580 6
567 581 8
567 618 2
568 569 7
568 618 7
569 570 9
569 582 2
570 583 8
570 585 7
571 589 2
571 590 7
572 608 9
572 591 3
572 573 10
573 591 10
574 575 9
574 593 9
575 576 2
575 594 2
576 610 8
576 577 4
577 595 7
577 578 3
577 596 11
578 579 2
578 597 4
579 598 7
579 597 2
580 600 7
580 581 7
580 598 6
581 601 10
581 618 5
582 583 5
582 618 8
583 584 6
583 602 2
584 585 11
584 603 4
585 586 10
585 603 6
585 587 8
586 604 11
586 587 2
587 605 6
587 588 6
588 589 3
588 606 5
589 590 11
589 607 2
590 623 9
590 607 2
591 609 5
591 592 2
591 608 2
592 609 7
592 593 6
592 625 3
593 594 3
593 626 10
593 610 3
593 625 8
594 610 9
595 610 11
595 596 5
596 610 4
596 597 8
596 611 9
596 628 8
597 611 7
597 598 4
597 612 10
598 599 2
598 612 10
599 600 7
599 613 3
599 612 6
600 601 7
600 614 10
601 615 2
601 616 5
601 618 8
602 603 8
602 618 4
603 619 3
603 604 11
603 618 4
604 605 5
604 637 9
605 606 4
605 620 4
606 621 2
606 607 11
607 622 9
607 621 7
608 609 3
608 624 5
609 624 11
610 627 7
610 628 3
611 629 3
611 612 6
612 632 4
612 630 2
612 613 8
612 631 7
612 647 10
612 648 10
613 632 9
613 614 10
614 651 5
614 615 8
614 633 11
615 616 11
615 634 4
616 617 7
616 635 5
617 636 8
617 618 8
618 655 9
618 619 10
618 637 8
618 636 11
619 637 8
620 621 5
620 637 5
621 622 10
621 638 3
621 657 5
622 623 8
622 638 7
623 639 5
624 641 5
624 640 9
624 625 4
625 641 3
625 642 2
625 626 8
626 627 4
626 643 9
627 643 9
627 628 8
628 629 5
628 645 7
628 644 10
629 630 10
629 645 9
630 631 8
630 646 7
631 647 5
632 633 7
632 649 4
633 650 6
633 651 2
634 651 7
634 635 10
634 652 11
635 652 11
635 636 7
636 653 5
636 654 4
637 657 4
637 656 3
638 639 4
638 658 9
638 657 5
639 659 4
642 643 11
643 644 11
645 646 9
646 647 6
648 649 7
649 650 6
650 651 7
652 653 9
653 654 11
654 655 4
656 657 2
657 658 5
658 659 4
