326 334 1504 8 99 544
0
1
3
5
6
7
8
14
18
22
24
26
27
28
29
31
32
33
34
35
39
42
43
45
46
47
48
50
51
53
54
55
58
59
60
61
62
64
65
68
70
75
76
77
79
80
81
83
85
89
91
92
94
95
96
99
104
112
116
118
119
121
123
125
126
127
130
131
132
134
142
143
144
145
147
154
160
161
162
163
165
172
173
174
178
179
181
182
185
186
187
189
190
191
192
194
197
198
200
202
206
210
211
212
213
218
224
226
227
228
229
230
233
234
235
236
237
240
244
248
250
254
256
257
258
265
266
268
271
272
274
279
281
283
288
290
294
295
296
298
300
303
304
305
308
310
311
314
315
316
319
320
323
325
326
327
331
332
333
334
337
340
342
351
354
358
359
360
362
367
368
370
372
373
376
378
382
383
389
390
391
392
395
396
397
398
401
403
404
405
407
409
411
413
416
418
419
420
421
422
423
425
426
427
428
429
430
431
432
436
437
440
443
445
446
448
452
455
456
459
460
463
466
471
472
473
474
478
480
482
483
485
486
489
491
492
493
494
495
496
498
501
503
506
508
513
515
517
518
519
521
522
525
527
529
530
533
534
536
538
540
541
542
543
544
545
548
549
550
551
552
553
555
559
561
566
567
570
571
572
573
574
576
581
584
585
587
589
590
591
593
594
596
597
598
601
602
604
606
609
610
612
616
618
619
622
626
627
628
629
630
631
632
633
634
638
642
643
648
649
652
653
654
657
658
659
0 1 11
0 13 9
0 27 9
1 14 3
1 32 7
2 3 9
2 17 9
2 15 5
3 18 11
3 36 5
4 5 9
4 21 4
4 39 3
4 20 10
5 21 2
5 22 7
6 7 9
6 40 8
6 22 10
7 41 7
7 23 4
8 25 7
8 23 4
8 9 6
9 42 9
9 10 9
9 43 9
9 25 5
9 26 7
9 54 4
9 53 3
10 11 10
10 12 2
10 26 9
10 44 8
10 45 6
11 12 3
13 29 5
13 30 9
13 14 2
13 27 8
14 31 11
14 32 4
15 32 9
15 77 9
15 16 7
15 94 11
15 78 9
15 61 8
15 62 4
15 33 8
16 33 2
17 18 2
17 34 8
17 33 6
18 35 5
18 36 4
19 37 7
19 36 8
19 20 11
20 38 8
21 22 10
22 40 3
22 64 10
22 65 11
22 39 11
22 49 9
23 24 4
23 41 5
23 52 11
24 25 9
24 42 10
26 43 9
27 46 10
27 28 10
28 46 7
28 29 8
29 30 2
29 46 9
29 59 9
30 60 7
30 31 7
30 61 5
31 32 9
31 61 7
33 34 5
33 47 11
34 35 6
34 96 11
35 36 7
35 63 7
36 48 4
36 37 11
36 63 5
37 38 10
37 63 3
38 39 3
38 63 4
39 49 10
40 66 4
40 50 3
40 41 9
41 51 3
41 50 3
41 52 2
42 52 9
42 53 8
42 68 7
43 44 2
43 55 9
44 56 11
44 45 9
45 71 7
45 56 11
45 72 4
45 89 10
46 57 9
46 58 6
47 78 10
47 96 11
48 63 7
49 81 5
49 63 9
50 51 4
50 67 8
51 67 5
51 52 5
52 68 5
53 54 2
53 68 3
54 55 7
54 69 3
55 56 4
55 70 6
56 71 11
57 58 4
57 91 9
58 91 11
58 59 3
59 60 10
59 73 9
59 74 8
60 75 10
60 61 8
61 76 11
61 62 6
62 77 11
63 80 2
63 96 5
64 81 2
64 65 11
65 102 8
65 81 4
65 66 10
65 101 2
65 82 5
66 67 7
66 82 9
67 83 2
67 68 6
67 84 3
68 85 9
68 69 6
68 86 6
68 84 10
69 70 8
69 86 4
70 71 4
70 87 8
71 88 9
72 89 11
73 91 7
73 108 4
73 92 11
73 74 8
73 107 11
74 75 11
75 76 11
75 92 9
76 93 9
76 77 9
77 130 6
77 93 10
77 94 5
77 111 3
78 95 8
78 96 2
79 98 3
79 80 4
79 96 5
80 81 4
80 99 2
81 100 4
82 135 3
82 102 10
82 83 7
82 103 11
83 103 8
83 84 8
84 105 8
84 104 6
84 85 3
85 86 7
86 122 2
86 105 3
86 87 9
86 121 3
86 106 9
87 88 5
87 106 2
88 89 5
88 106 11
89 166 9
90 91 6
90 107 4
91 107 9
92 93 9
92 109 6
93 110 7
94 95 10
94 130 3
95 131 5
95 112 9
95 143 7
95 130 9
95 96 4
96 132 11
96 131 8
96 112 6
96 97 6
97 98 2
97 132 10
98 99 6
98 113 8
99 100 7
99 114 11
100 101 6
100 115 8
101 102 3
101 116 5
102 117 3
103 104 3
103 118 6
104 105 4
104 119 2
105 120 11
106 123 2
106 124 6
106 166 11
106 150 5
107 127 11
107 108 9
107 126 7
108 109 10
108 152 10
109 110 5
109 128 6
110 129 11
110 111 5
111 130 10
111 129 9
111 140 7
112 131 6
113 114 10
113 132 7
113 133 6
114 115 4
114 144 6
115 145 7
115 116 5
115 144 7
115 191 9
116 134 6
116 117 3
116 145 8
117 134 3
117 135 9
118 136 8
118 135 2
118 119 10
119 147 11
119 136 6
119 137 6
119 120 2
119 146 3
119 162 7
120 121 11
120 137 6
121 122 9
121 148 9
122 138 5
122 150 11
123 124 3
123 150 5
124 166 3
124 151 3
125 139 5
125 166 4
126 127 9
126 168 6
127 152 5
127 168 6
128 129 4
128 153 3
128 152 9
129 153 11
130 141 6
130 142 8
131 143 6
132 157 8
132 143 5
132 133 10
132 187 8
132 158 8
133 159 5
133 144 11
133 158 11
134 135 5
135 136 8
135 145 11
135 146 8
135 161 10
136 146 2
137 147 8
137 148 8
138 149 7
138 148 5
138 150 2
139 166 3
140 141 2
140 154 4
140 153 11
141 142 8
141 155 11
142 156 6
142 143 9
143 157 5
143 156 11
144 159 6
145 160 8
146 162 10
147 163 5
147 148 8
148 164 5
148 149 4
149 164 4
149 150 11
150 164 11
150 200 6
150 151 6
150 181 3
151 165 11
151 200 5
151 201 2
151 166 9
152 153 6
152 169 8
152 170 8
152 168 8
153 171 9
153 154 8
153 172 10
154 155 6
154 173 8
155 156 11
155 173 3
156 174 2
156 157 10
156 185 10
157 185 5
158 159 2
158 175 8
159 176 4
159 177 9
159 191 9
160 192 2
160 178 11
160 161 10
160 191 6
161 178 7
161 162 5
162 163 3
162 179 7
163 164 6
163 179 9
164 180 7
164 181 8
165 166 7
165 218 9
166 218 4
167 182 9
167 168 3
168 169 6
168 183 11
169 183 7
169 170 5
170 183 2
170 171 8
170 172 8
170 204 4
170 205 11
170 220 3
170 173 10
171 172 11
172 173 6
173 174 9
173 207 11
173 206 10
173 184 2
174 184 10
174 185 11
175 176 7
175 188 8
175 189 6
175 187 9
176 177 7
176 190 10
177 191 6
178 194 4
178 193 3
178 179 2
179 197 10
179 180 5
179 196 7
179 195 8
180 198 10
180 181 2
181 200 2
181 199 10
182 219 2
182 183 11
183 202 7
183 203 4
184 185 4
184 222 5
185 186 5
185 222 9
185 187 9
186 236 6
186 187 10
187 208 6
187 188 5
188 225 5
188 208 7
188 224 8
188 189 3
189 190 10
189 225 2
190 191 3
190 209 11
191 192 11
191 210 6
191 209 10
192 193 10
192 210 5
193 211 2
193 194 2
193 227 3
193 210 3
194 195 10
194 211 4
195 196 9
195 212 5
196 197 3
196 212 8
197 198 8
197 213 7
198 199 11
198 213 9
199 214 10
199 200 7
199 215 11
200 216 4
200 201 3
201 217 4
201 218 10
202 219 5
202 203 6
203 220 6
203 265 5
203 219 2
203 247 9
203 246 3
203 204 4
203 233 8
205 206 7
205 220 9
206 207 11
206 221 9
207 234 9
207 222 5
208 223 2
208 236 8
209 239 4
209 226 10
209 225 4
209 210 11
210 227 5
210 239 11
211 212 8
211 228 2
212 213 10
212 229 8
212 228 2
213 214 7
213 229 4
213 230 5
214 215 10
214 230 9
215 216 9
215 230 6
216 217 5
216 230 9
217 231 9
217 218 11
218 245 11
219 232 3
219 246 10
220 221 8
220 233 7
221 234 4
221 233 2
222 236 6
222 235 3
222 234 2
223 224 10
223 237 7
223 236 9
224 225 8
224 237 7
225 226 6
225 237 11
226 237 2
226 239 5
227 239 7
227 228 8
228 241 7
228 229 7
228 240 6
229 241 5
229 242 10
229 230 7
230 243 6
230 244 5
230 231 11
230 259 5
231 277 4
231 244 9
231 245 8
232 246 6
233 265 6
233 234 3
234 248 6
234 235 8
235 249 7
235 248 10
235 236 7
236 237 10
236 250 3
237 238 3
237 252 8
237 251 3
237 253 7
237 268 7
238 239 4
238 254 9
239 240 8
239 255 6
239 254 3
240 256 9
240 241 8
241 256 4
241 272 6
241 257 7
241 242 11
242 258 7
242 259 8
243 275 3
243 260 4
243 259 9
243 244 5
244 294 4
244 276 9
244 275 4
244 277 7
245 277 4
245 261 3
246 247 2
246 263 11
246 262 11
247 280 11
247 265 10
248 249 2
248 265 7
248 302 3
249 250 4
249 266 2
250 251 6
250 267 4
251 252 10
251 286 11
251 285 2
251 267 11
252 253 7
252 286 2
253 268 11
254 270 7
254 255 6
254 269 4
254 268 11
255 256 4
255 270 4
255 288 7
255 271 2
256 271 7
257 258 11
257 273 5
258 273 9
258 259 6
259 260 3
259 274 5
260 274 9
261 295 4
261 317 11
261 316 10
261 277 8
262 278 2
262 263 2
262 296 5
263 279 3
263 280 4
264 298 7
264 265 10
264 280 3
264 281 5
265 282 8
265 281 4
265 302 4
266 284 9
266 267 6
266 302 7
267 284 7
267 285 3
267 303 4
268 286 3
268 269 10
269 270 5
269 287 11
270 288 7
271 272 3
271 289 5
272 273 2
272 289 2
273 291 9
273 290 2
273 274 3
274 292 4
274 293 7
274 275 5
275 293 11
276 295 10
276 277 5
278 296 10
279 280 2
279 334 4
279 296 10
280 297 3
281 282 7
281 299 4
282 283 11
282 300 7
283 301 9
283 302 5
284 303 10
284 302 5
285 304 2
285 286 3
286 306 11
286 287 11
286 305 8
286 307 8
287 288 8
287 325 6
288 309 4
288 308 7
288 289 3
289 311 3
289 290 5
289 310 3
290 291 4
290 312 3
291 292 7
291 312 5
292 313 5
292 293 3
293 294 11
293 315 8
293 314 7
294 295 4
294 329 5
295 330 10
295 316 8
295 329 4
296 334 3
296 318 5
297 298 10
297 335 4
297 334 7
298 299 9
298 319 6
299 300 11
299 320 10
300 301 5
300 337 5
301 321 4
301 302 8
302 303 9
303 322 4
303 359 7
303 358 8
303 304 5
303 337 7
303 321 7
304 305 4
304 323 4
305 306 8
305 323 3
306 324 5
306 307 8
307 324 9
307 340 8
307 325 8
308 309 7
308 325 3
309 326 6
309 310 3
310 311 10
310 326 9
310 327 10
310 342 5
311 344 4
311 327 10
311 312 3
312 328 8
312 313 8
312 346 8
312 345 11
313 314 7
313 328 3
314 315 11
314 329 5
315 329 3
316 317 11
316 331 8
317 332 7
318 333 10
318 334 2
319 320 5
319 336 2
319 335 6
320 355 5
320 337 7
321 337 2
322 323 10
322 360 8
323 324 11
323 338 2
323 361 9
323 360 4
324 339 10
325 326 2
325 341 8
325 340 7
326 365 3
326 342 2
326 341 6
327 343 7
328 347 7
328 329 2
329 349 8
329 330 9
329 348 8
329 371 4
330 331 8
330 373 6
331 332 3
331 373 8
332 350 2
333 351 8
333 390 11
333 334 8
334 335 2
334 352 7
335 353 7
335 336 11
336 354 11
336 355 8
337 356 2
337 357 5
337 355 10
338 339 10
338 362 10
339 363 2
339 340 7
340 382 4
340 341 11
340 363 6
340 364 3
341 364 4
342 343 3
342 366 5
343 344 6
343 367 3
344 345 10
344 368 8
345 346 9
345 368 3
346 347 9
346 369 11
347 370 11
347 371 9
348 349 10
348 371 4
348 372 10
349 372 10
349 373 4
350 373 5
351 352 9
351 391 7
351 390 6
352 353 7
352 374 10
353 354 9
353 393 6
354 355 7
354 394 8
355 375 10
355 356 6
356 357 8
356 376 11
357 358 8
357 377 4
358 378 4
358 359 10
359 379 7
359 360 10
360 379 6
360 361 5
361 362 10
361 380 3
362 381 2
362 363 9
363 413 5
364 365 11
364 383 2
365 366 4
365 384 4
366 367 2
366 384 8
367 385 9
367 368 5
368 369 10
368 417 9
369 370 4
369 417 3
370 371 9
370 404 2
371 404 11
371 372 5
372 387 8
372 386 3
372 373 10
373 388 8
373 389 7
374 392 10
374 391 8
374 393 4
375 376 2
375 394 11
375 395 5
376 377 5
376 395 6
377 378 6
377 395 2
378 379 4
378 396 8
379 380 4
379 397 2
379 412 10
380 381 2
380 398 6
381 399 5
381 413 2
382 383 3
382 401 3
382 413 9
383 402 4
383 384 5
384 385 2
384 402 3
385 417 7
386 387 4
386 405 5
386 404 5
387 388 9
387 406 10
388 389 11
388 406 7
389 407 3
389 423 11
390 408 6
390 391 4
391 392 4
391 409 11
392 410 4
392 393 11
393 394 2
393 411 11
394 411 11
394 395 2
395 396 7
395 428 3
395 427 2
396 429 10
396 412 5
397 398 9
397 412 3
398 399 4
398 413 3
399 413 8
400 401 9
400 414 3
400 413 10
401 402 3
401 414 9
402 415 2
402 416 10
402 417 7
403 439 10
403 417 6
404 419 9
404 405 10
404 420 9
404 417 4
405 421 3
405 406 9
406 441 4
406 440 8
406 407 11
406 421 9
407 422 11
408 409 11
408 444 10
409 410 8
409 444 8
410 424 3
410 411 8
411 426 7
411 425 5
411 427 3
412 431 3
412 430 7
412 413 3
413 414 3
413 433 7
413 432 2
413 434 10
414 435 10
414 415 10
415 435 6
415 416 5
416 437 9
416 436 2
416 417 7
417 438 9
417 418 2
417 439 6
418 419 3
418 439 6
419 420 2
419 439 4
420 421 3
420 455 9
420 456 9
420 439 7
421 456 7
422 423 10
422 442 2
422 441 8
423 443 6
424 425 9
424 446 10
424 444 9
425 426 6
425 461 3
426 462 3
426 427 5
427 462 8
427 428 6
428 464 9
428 429 3
428 447 6
429 430 5
429 496 11
430 431 10
430 496 5
431 432 3
431 448 9
432 433 9
432 449 3
433 434 2
433 450 9
434 451 4
434 435 11
435 470 3
435 452 11
435 436 2
436 470 6
436 437 7
436 453 3
436 497 10
437 438 4
438 453 6
438 439 10
439 471 5
439 487 6
439 454 10
439 500 9
439 453 9
439 472 6
440 441 8
440 473 9
440 457 5
440 490 5
440 474 2
440 456 2
441 442 9
441 457 5
442 443 6
442 458 3
443 458 5
444 459 7
444 445 7
445 446 8
445 460 4
446 460 9
446 461 3
447 464 6
447 462 6
447 480 9
448 449 2
448 465 11
448 496 10
449 450 6
449 466 11
450 451 7
450 467 3
451 452 4
451 467 3
452 468 4
452 469 5
453 486 7
453 487 6
453 497 11
454 472 5
454 455 4
455 473 6
455 472 5
455 456 7
455 523 6
456 473 6
457 458 4
457 474 9
458 474 7
459 475 4
459 460 5
460 477 5
460 476 2
460 461 11
461 462 8
461 478 9
462 463 5
462 479 7
463 480 4
464 494 2
464 480 3
464 496 8
465 466 6
465 496 2
466 481 8
466 467 5
467 513 5
467 468 8
467 533 9
467 496 8
467 481 6
467 482 4
467 514 5
468 469 2
468 483 10
469 470 11
469 484 9
470 485 2
471 488 10
471 487 9
472 500 4
473 489 3
474 490 10
474 526 7
475 476 8
475 503 4
476 477 6
476 503 2
477 478 2
477 491 10
478 479 11
478 492 4
479 493 6
479 480 11
480 493 6
480 494 10
480 508 3
480 507 7
480 530 8
481 496 3
482 483 2
483 484 10
483 514 3
484 485 11
484 514 2
485 497 5
486 487 8
486 498 11
486 497 7
487 488 11
487 498 11
488 500 10
488 498 6
489 490 4
489 523 3
490 501 5
491 492 5
491 505 7
491 503 8
492 493 5
492 506 9
493 507 4
494 508 7
494 495 7
494 509 2
494 496 6
495 510 8
495 496 10
496 511 9
496 512 5
496 532 8
497 516 5
497 498 2
497 517 8
497 515 3
497 514 5
498 520 11
498 499 4
498 518 11
498 519 8
499 521 3
499 500 8
500 522 5
500 523 6
501 524 7
501 523 11
501 526 10
502 527 2
502 526 5
503 504 3
503 528 7
504 505 2
504 545 2
505 506 10
505 529 9
506 507 11
506 530 8
507 530 4
508 531 7
508 509 10
509 510 6
509 531 8
510 511 4
510 547 3
511 512 6
511 548 11
512 532 7
513 532 7
513 533 10
514 534 10
514 551 3
514 515 2
515 516 8
515 569 9
516 517 5
516 569 3
517 518 7
517 535 10
518 519 6
518 535 10
519 520 2
519 536 11
520 521 9
520 536 8
521 522 4
521 537 2
522 538 11
522 523 9
523 539 2
523 540 9
523 524 8
524 525 5
524 541 10
525 541 6
525 526 9
526 527 2
526 542 5
527 543 10
528 544 5
528 545 7
529 545 5
529 530 8
529 546 2
530 562 3
530 531 6
530 546 6
531 564 10
531 562 4
531 547 9
532 548 8
532 549 7
532 533 5
532 566 9
533 567 9
533 550 8
533 534 2
534 551 7
534 568 3
535 552 6
535 553 5
535 536 2
535 569 5
536 553 4
536 537 2
536 554 6
537 538 3
537 554 9
538 539 2
538 555 11
539 540 3
539 556 6
540 541 11
540 556 7
541 557 6
541 558 4
541 542 9
542 543 6
542 595 6
542 558 4
542 576 8
542 630 11
544 559 6
544 545 3
545 577 3
545 546 10
546 562 5
546 579 11
546 561 10
546 560 5
547 582 5
547 565 2
547 548 9
547 564 3
548 565 8
548 549 10
549 565 6
549 583 10
549 566 10
550 567 9
550 584 8
550 566 3
551 569 4
552 570 10
552 553 3
552 569 6
553 554 3
553 571 4
554 555 11
554 571 8
554 592 8
554 591 7
555 572 11
555 556 6
556 557 5
556 573 9
556 574 4
557 558 4
557 575 6
558 576 7
559 577 9
560 561 7
560 577 3
560 578 9
561 578 10
562 579 10
562 563 2
563 564 4
563 580 7
564 581 6
565 583 6
566 583 6
567 568 6
567 585 6
568 586 4
568 569 3
569 587 11
569 570 10
569 588 4
570 589 3
570 571 3
571 590 6
571 591 3
572 573 10
572 611 6
572 592 4
573 574 6
573 593 8
574 575 10
574 594 9
575 594 4
575 576 9
576 595 5
576 594 5
576 630 7
577 596 3
577 642 2
577 578 2
578 597 7
578 596 4
578 579 7
579 580 3
579 598 11
580 581 3
580 599 6
581 582 4
581 600 10
582 601 3
582 583 8
583 584 8
583 602 8
583 603 11
583 620 7
584 585 9
584 604 10
585 586 3
585 605 7
586 587 2
586 623 11
587 606 9
587 588 11
587 607 7
588 589 5
588 608 9
589 590 10
589 609 7
590 591 4
590 609 5
591 610 10
591 592 5
591 609 8
592 611 8
592 610 10
593 612 11
593 594 7
593 611 7
593 639 7
594 613 6
594 612 4
595 630 10
596 597 8
596 632 7
596 614 9
597 615 5
597 614 4
597 616 7
597 598 6
598 615 11
598 599 2
598 616 9
599 600 7
599 617 4
600 601 4
600 618 3
601 602 7
601 619 9
602 620 2
603 604 8
603 621 3
603 620 5
604 605 3
604 622 3
605 623 2
606 624 3
606 607 2
606 623 6
607 624 6
607 608 6
607 652 8
607 637 7
607 651 8
608 625 9
608 609 7
609 653 7
609 654 4
609 625 6
609 638 3
609 626 7
609 610 5
609 637 6
610 627 10
610 628 2
610 611 8
611 629 6
612 613 7
612 630 8
613 630 10
614 643 3
614 632 4
614 644 6
614 616 11
615 616 8
616 617 7
616 645 5
616 644 4
616 646 9
617 618 2
617 646 11
618 619 7
618 646 10
619 633 2
619 620 9
620 649 3
620 621 4
620 650 9
621 622 6
621 634 8
621 650 8
622 634 5
622 623 9
623 624 2
623 636 2
623 635 3
624 651 7
625 637 7
626 627 10
627 628 9
627 638 2
628 629 9
628 638 9
629 639 7
630 640 6
630 657 9
630 631 3
630 658 9
630 641 3
630 639 11
631 640 10
632 643 9
632 642 4
633 648 9
633 649 7
633 646 5
634 635 6
634 650 7
635 636 11
635 651 6
636 651 2
637 653 3
638 655 2
638 639 2
639 657 4
639 656 4
640 641 5
640 659 5
640 658 8
641 659 2
642 643 5
645 646 3
646 647 5
647 648 10
648 649 9
649 650 8
650 651 2
651 652 2
652 653 9
653 654 8
654 655 2
655 656 11
656 657 6
